2,1,8.52,220.79,57.64,89.13,1,-1,-1,-1
2,2,568.48,232.79,86.00,127.92,1,-1,-1,-1
2,3,336.94,315.77,151.73,116.23,1,-1,-1,-1
2,4,373.31,159.96,109.19,58.36,1,-1,-1,-1
2,5,342.78,0.12,140.36,67.16,1,-1,-1,-1
2,6,210.88,116.98,92.33,114.02,1,-1,-1,-1
3,1,-0.00,230.31,55.36,106.82,1,-1,-1,-1
3,2,560.06,259.46,92.27,132.54,1,-1,-1,-1
3,3,351.34,324.39,163.92,102.56,1,-1,-1,-1
3,4,350.85,163.46,121.69,52.57,1,-1,-1,-1
3,5,601.26,323.03,70.13,108.97,1,-1,-1,-1
3,6,185.90,112.69,121.88,118.38,1,-1,-1,-1
4,1,-0.00,226.23,39.53,100.26,1,-1,-1,-1
4,2,573.08,262.28,84.04,158.09,1,-1,-1,-1
4,3,339.50,325.71,163.25,94.64,1,-1,-1,-1
4,4,360.18,164.33,115.58,55.92,1,-1,-1,-1
4,5,581.12,310.56,66.48,119.94,1,-1,-1,-1
4,6,194.02,111.00,113.36,105.64,1,-1,-1,-1
5,1,16.17,237.91,46.89,92.63,1,-1,-1,-1
5,2,588.86,329.08,57.86,102.92,1,-1,-1,-1
5,3,350.42,330.17,145.39,84.28,1,-1,-1,-1
5,4,357.23,166.35,114.16,55.23,1,-1,-1,-1
5,5,726.03,538.60,84.76,152.95,1,-1,-1,-1
5,6,185.75,119.43,115.69,97.22,1,-1,-1,-1
6,1,5.72,227.22,56.37,107.89,1,-1,-1,-1
6,2,611.26,337.47,66.57,94.53,1,-1,-1,-1
6,3,330.22,322.99,157.65,100.96,1,-1,-1,-1
6,6,187.79,116.04,106.87,116.54,1,-1,-1,-1
7,1,2.56,228.71,59.63,114.13,1,-1,-1,-1
7,2,624.82,358.02,62.78,89.15,1,-1,-1,-1
7,3,350.94,324.64,166.49,105.44,1,-1,-1,-1
7,6,183.16,105.31,108.74,121.54,1,-1,-1,-1
7,8,547.55,339.73,65.33,92.27,1,-1,-1,-1
7,9,351.70,144.81,110.35,54.58,1,-1,-1,-1
8,1,6.14,224.82,49.61,98.28,1,-1,-1,-1
8,3,334.12,328.67,185.63,103.33,1,-1,-1,-1
8,6,177.91,103.16,111.32,124.41,1,-1,-1,-1
8,8,605.87,339.55,93.10,92.45,1,-1,-1,-1
8,9,330.87,150.56,113.06,70.77,1,-1,-1,-1
9,1,-0.00,210.83,57.19,132.13,1,-1,-1,-1
9,3,362.38,319.54,141.75,112.46,1,-1,-1,-1
9,6,183.53,112.87,86.37,111.49,1,-1,-1,-1
9,8,600.71,344.33,105.84,87.67,1,-1,-1,-1
9,9,326.09,3.13,150.88,62.20,1,-1,-1,-1
10,1,-3.52,208.82,60.88,140.66,1,-1,-1,-1
10,3,363.96,319.40,142.51,113.06,1,-1,-1,-1
10,4,340.27,133.72,108.73,85.75,1,-1,-1,-1
10,6,182.76,107.33,100.89,117.98,1,-1,-1,-1
10,8,596.99,348.30,114.52,83.70,1,-1,-1,-1
10,9,311.02,-48.60,167.45,69.03,1,-1,-1,-1
10,10,551.49,333.73,84.13,98.27,1,-1,-1,-1
11,3,347.59,308.85,179.74,123.15,1,-1,-1,-1
11,4,346.12,127.88,97.91,80.94,1,-1,-1,-1
11,6,195.98,101.87,113.70,110.73,1,-1,-1,-1
11,8,581.57,334.25,119.57,97.75,1,-1,-1,-1
11,10,9.96,265.53,45.63,132.32,1,-1,-1,-1
12,3,341.36,312.88,165.00,119.12,1,-1,-1,-1
12,4,-0.00,297.49,57.50,99.92,1,-1,-1,-1
12,6,199.41,104.23,111.21,100.69,1,-1,-1,-1
12,8,610.76,343.81,91.18,85.82,1,-1,-1,-1
12,10,0.00,83.46,32.93,60.92,1,-1,-1,-1
12,11,332.93,0.00,175.80,67.68,1,-1,-1,-1
13,3,364.37,315.30,144.57,116.67,1,-1,-1,-1
13,4,0.00,300.73,81.09,114.19,1,-1,-1,-1
13,6,333.65,120.58,116.35,82.69,1,-1,-1,-1
13,8,587.89,342.92,116.02,78.65,1,-1,-1,-1
13,10,2.74,100.25,69.55,86.08,1,-1,-1,-1
13,11,336.91,-0.00,148.07,65.15,1,-1,-1,-1
13,12,564.44,325.84,68.19,106.16,1,-1,-1,-1
14,3,196.74,115.27,115.11,85.90,1,-1,-1,-1
14,4,20.91,127.95,113.49,87.99,1,-1,-1,-1
14,6,350.09,146.11,115.55,64.64,1,-1,-1,-1
14,8,579.62,355.59,123.73,76.41,1,-1,-1,-1
14,10,-121.37,71.64,81.40,100.74,1,-1,-1,-1
14,11,329.98,-0.00,142.36,62.64,1,-1,-1,-1
14,12,570.70,323.17,69.90,108.83,1,-1,-1,-1
15,3,195.23,126.27,124.59,81.20,1,-1,-1,-1
15,4,44.93,173.00,114.41,87.80,1,-1,-1,-1
15,6,349.50,134.02,107.96,75.41,1,-1,-1,-1
15,8,602.52,347.50,111.86,84.50,1,-1,-1,-1
15,12,545.05,329.37,55.86,96.00,1,-1,-1,-1
16,3,182.23,108.97,119.38,77.81,1,-1,-1,-1
16,4,76.89,193.59,120.13,84.08,1,-1,-1,-1
16,6,365.72,135.64,104.90,73.27,1,-1,-1,-1
16,8,585.31,337.48,88.10,87.89,1,-1,-1,-1
16,12,550.34,334.92,55.49,90.40,1,-1,-1,-1
16,13,344.15,313.33,184.10,109.57,1,-1,-1,-1
16,14,355.04,2.25,148.70,70.30,1,-1,-1,-1
16,15,86.53,325.86,155.38,80.09,1,-1,-1,-1
17,4,53.68,192.54,114.99,66.84,1,-1,-1,-1
17,8,612.23,337.20,70.86,94.80,1,-1,-1,-1
17,12,543.67,328.69,52.86,98.70,1,-1,-1,-1
17,13,335.27,323.60,174.48,108.27,1,-1,-1,-1
17,14,341.56,138.94,127.64,58.83,1,-1,-1,-1
17,15,139.90,264.86,125.01,116.67,1,-1,-1,-1
18,4,90.64,184.42,91.91,81.60,1,-1,-1,-1
18,8,590.94,331.05,66.54,91.16,1,-1,-1,-1
18,12,563.09,328.45,51.77,99.53,1,-1,-1,-1
18,13,357.74,329.46,152.32,98.97,1,-1,-1,-1
18,14,345.32,139.93,113.49,59.89,1,-1,-1,-1
18,15,171.93,230.97,130.80,111.15,1,-1,-1,-1
18,16,355.61,0.00,134.81,65.84,1,-1,-1,-1
19,4,79.23,190.65,106.43,68.24,1,-1,-1,-1
19,8,602.84,331.79,79.58,90.38,1,-1,-1,-1
19,12,559.53,340.44,61.94,89.79,1,-1,-1,-1
19,13,344.63,320.39,185.82,104.32,1,-1,-1,-1
19,14,313.78,153.07,124.00,53.40,1,-1,-1,-1
19,15,183.43,238.08,117.89,94.72,1,-1,-1,-1
19,16,345.87,-0.00,144.29,57.70,1,-1,-1,-1
20,4,81.13,194.42,86.72,78.52,1,-1,-1,-1
20,8,606.02,330.56,80.08,90.94,1,-1,-1,-1
20,12,552.77,325.88,51.39,92.45,1,-1,-1,-1
20,13,345.91,307.07,201.72,124.90,1,-1,-1,-1
20,14,332.73,149.86,96.76,58.85,1,-1,-1,-1
20,15,204.17,202.24,133.05,106.91,1,-1,-1,-1
20,16,359.81,-0.00,116.30,67.08,1,-1,-1,-1
20,17,185.41,127.18,112.38,87.24,1,-1,-1,-1
21,4,89.25,187.26,91.67,92.63,1,-1,-1,-1
21,8,608.17,346.43,74.01,71.90,1,-1,-1,-1
21,12,550.37,324.87,50.66,91.15,1,-1,-1,-1
21,13,345.30,304.57,209.08,129.46,1,-1,-1,-1
21,14,353.97,140.23,95.80,57.84,1,-1,-1,-1
21,16,356.14,-0.05,119.45,68.90,1,-1,-1,-1
21,17,184.23,132.83,124.54,90.70,1,-1,-1,-1
22,4,97.09,175.81,87.75,95.84,1,-1,-1,-1
22,8,611.15,345.37,80.24,67.67,1,-1,-1,-1
22,12,540.48,336.27,58.29,92.78,1,-1,-1,-1
22,14,337.67,142.30,103.36,50.81,1,-1,-1,-1
22,16,355.20,7.56,129.65,68.65,1,-1,-1,-1
22,17,163.39,124.35,127.49,87.41,1,-1,-1,-1
23,4,83.69,178.71,105.24,92.38,1,-1,-1,-1
23,8,603.39,297.51,80.79,96.76,1,-1,-1,-1
23,12,561.79,327.53,56.41,104.47,1,-1,-1,-1
23,14,345.23,135.91,111.29,67.50,1,-1,-1,-1
23,16,197.06,203.17,114.21,140.78,1,-1,-1,-1
23,17,190.82,118.45,119.41,79.26,1,-1,-1,-1
24,4,336.07,6.68,123.49,72.24,1,-1,-1,-1
24,8,603.46,289.26,83.70,100.24,1,-1,-1,-1
24,12,561.69,327.00,56.92,105.42,1,-1,-1,-1
24,13,325.70,325.51,184.75,106.49,1,-1,-1,-1
24,14,342.52,146.39,113.93,69.10,1,-1,-1,-1
24,15,345.78,139.76,108.11,60.45,1,-1,-1,-1
24,16,189.81,218.57,111.12,111.33,1,-1,-1,-1
24,17,163.64,131.17,131.32,83.53,1,-1,-1,-1
25,4,72.78,177.52,143.36,85.49,1,-1,-1,-1
25,8,619.03,270.36,51.19,110.56,1,-1,-1,-1
25,13,344.37,322.53,181.35,99.66,1,-1,-1,-1
25,15,351.63,131.49,105.09,65.83,1,-1,-1,-1
25,16,190.99,224.26,90.51,110.90,1,-1,-1,-1
25,17,189.31,125.00,111.65,88.49,1,-1,-1,-1
26,4,84.85,203.18,159.49,64.26,1,-1,-1,-1
26,8,634.34,270.30,54.79,108.72,1,-1,-1,-1
26,12,554.84,325.41,61.64,98.89,1,-1,-1,-1
26,13,324.35,309.36,185.04,121.02,1,-1,-1,-1
26,15,329.31,143.62,115.72,64.48,1,-1,-1,-1
26,16,181.91,218.92,114.02,129.10,1,-1,-1,-1
26,17,339.73,0.00,136.71,77.76,1,-1,-1,-1
26,18,591.17,412.31,56.66,13.94,1,-1,-1,-1
27,4,151.69,206.85,127.81,56.55,1,-1,-1,-1
27,8,619.64,249.60,62.50,140.06,1,-1,-1,-1
27,12,588.66,390.56,67.02,31.91,1,-1,-1,-1
27,13,193.07,122.74,113.36,71.68,1,-1,-1,-1
27,15,355.57,141.80,101.92,56.08,1,-1,-1,-1
27,16,210.32,204.20,101.62,114.01,1,-1,-1,-1
27,17,338.14,-0.00,115.63,60.95,1,-1,-1,-1
27,18,534.68,328.05,60.00,103.95,1,-1,-1,-1
28,4,166.72,201.83,133.12,59.04,1,-1,-1,-1
28,8,620.58,259.55,56.74,134.76,1,-1,-1,-1
28,12,590.71,383.12,57.01,41.20,1,-1,-1,-1
28,13,177.11,135.76,128.98,71.23,1,-1,-1,-1
28,15,333.01,132.26,126.98,70.28,1,-1,-1,-1
28,16,219.16,226.21,92.69,88.47,1,-1,-1,-1
28,17,350.13,-0.00,114.79,74.06,1,-1,-1,-1
28,18,332.48,342.10,194.42,89.90,1,-1,-1,-1
29,4,167.59,196.91,118.09,53.15,1,-1,-1,-1
29,8,626.73,251.61,51.45,136.59,1,-1,-1,-1
29,12,589.59,382.09,59.53,43.01,1,-1,-1,-1
29,13,158.51,126.43,134.07,80.80,1,-1,-1,-1
29,15,321.33,137.34,125.20,63.68,1,-1,-1,-1
29,16,222.71,208.67,80.76,107.85,1,-1,-1,-1
29,17,324.46,-0.00,137.56,75.20,1,-1,-1,-1
29,18,485.69,216.88,201.07,208.92,1,-1,-1,-1
30,4,166.12,204.72,112.99,54.98,1,-1,-1,-1
30,8,636.72,251.36,58.30,131.31,1,-1,-1,-1
30,13,165.28,131.56,123.74,76.08,1,-1,-1,-1
30,15,326.65,131.43,108.86,66.60,1,-1,-1,-1
30,16,183.85,217.05,109.23,100.85,1,-1,-1,-1
30,17,364.10,-0.00,113.32,68.49,1,-1,-1,-1
30,18,491.87,235.67,145.50,90.98,1,-1,-1,-1
31,4,163.30,196.99,119.03,54.15,1,-1,-1,-1
31,8,638.12,243.68,60.19,135.58,1,-1,-1,-1
31,13,168.47,127.77,132.94,73.42,1,-1,-1,-1
31,15,328.36,124.42,111.87,68.44,1,-1,-1,-1
31,16,196.74,238.95,106.97,71.02,1,-1,-1,-1
31,17,334.92,-0.00,147.95,65.98,1,-1,-1,-1
31,18,543.17,226.92,115.26,76.20,1,-1,-1,-1
31,19,469.53,413.76,111.46,18.03,1,-1,-1,-1
31,20,601.57,396.32,80.94,35.68,1,-1,-1,-1
32,4,193.09,198.34,95.24,45.88,1,-1,-1,-1
32,13,158.77,141.67,144.98,77.48,1,-1,-1,-1
32,16,612.39,253.92,66.16,146.44,1,-1,-1,-1
32,17,322.61,-0.00,151.67,64.95,1,-1,-1,-1
32,18,569.97,227.68,108.61,75.88,1,-1,-1,-1
32,19,354.44,126.65,98.10,66.36,1,-1,-1,-1
32,20,602.64,400.87,71.27,31.13,1,-1,-1,-1
33,4,204.15,193.97,93.61,55.19,1,-1,-1,-1
33,13,170.78,115.12,124.28,93.09,1,-1,-1,-1
33,16,359.59,123.12,93.57,82.08,1,-1,-1,-1
33,17,320.05,5.16,142.19,69.63,1,-1,-1,-1
33,18,566.21,224.19,121.69,86.93,1,-1,-1,-1
33,19,197.29,-159.89,169.33,114.57,1,-1,-1,-1
33,20,604.12,405.39,60.93,26.61,1,-1,-1,-1
34,4,192.66,193.87,113.98,44.08,1,-1,-1,-1
34,8,637.35,255.11,73.53,144.63,1,-1,-1,-1
34,12,583.38,355.50,75.35,76.50,1,-1,-1,-1
34,13,173.23,104.05,144.36,94.56,1,-1,-1,-1
34,16,349.20,120.28,111.90,77.82,1,-1,-1,-1
34,17,337.28,6.26,145.96,66.94,1,-1,-1,-1
34,18,534.85,214.86,133.02,89.12,1,-1,-1,-1
35,4,190.94,189.89,104.10,48.80,1,-1,-1,-1
35,8,632.76,263.68,76.49,145.38,1,-1,-1,-1
35,12,159.82,241.08,143.64,69.95,1,-1,-1,-1
35,13,165.55,95.52,147.54,96.65,1,-1,-1,-1
35,15,339.43,121.10,115.58,65.20,1,-1,-1,-1
35,16,390.44,128.22,127.56,88.72,1,-1,-1,-1
35,17,355.36,2.19,120.68,61.73,1,-1,-1,-1
35,18,552.77,209.49,107.92,92.83,1,-1,-1,-1
35,21,425.87,412.26,64.21,19.65,1,-1,-1,-1
36,4,184.76,200.07,119.62,50.71,1,-1,-1,-1
36,8,589.37,359.24,68.58,72.76,1,-1,-1,-1
36,12,168.26,248.51,136.86,66.26,1,-1,-1,-1
36,15,349.18,116.71,114.03,70.45,1,-1,-1,-1
36,17,342.04,-0.00,129.28,63.12,1,-1,-1,-1
36,18,555.28,205.45,136.33,90.86,1,-1,-1,-1
36,21,391.77,400.26,89.43,31.74,1,-1,-1,-1
37,4,175.77,191.68,125.47,57.51,1,-1,-1,-1
37,8,599.58,350.58,66.40,76.70,1,-1,-1,-1
37,12,180.04,247.94,136.54,77.70,1,-1,-1,-1
37,13,171.54,99.63,141.28,74.87,1,-1,-1,-1
37,15,352.04,112.10,116.35,71.88,1,-1,-1,-1
37,17,357.65,8.14,137.43,64.45,1,-1,-1,-1
37,18,531.67,212.47,135.96,80.85,1,-1,-1,-1
37,21,369.47,391.53,98.56,40.47,1,-1,-1,-1
37,22,617.73,270.89,70.12,151.43,1,-1,-1,-1
38,4,174.74,202.60,128.54,53.08,1,-1,-1,-1
38,8,621.88,364.74,55.87,61.10,1,-1,-1,-1
38,12,198.62,251.48,115.37,75.56,1,-1,-1,-1
38,13,164.62,104.15,134.80,77.45,1,-1,-1,-1
38,17,367.45,136.78,86.65,62.91,1,-1,-1,-1
38,18,555.11,211.45,121.79,85.26,1,-1,-1,-1
38,21,326.74,348.43,84.76,83.57,1,-1,-1,-1
38,22,618.36,270.83,66.54,135.38,1,-1,-1,-1
39,4,175.74,190.19,119.17,60.26,1,-1,-1,-1
39,8,628.51,369.26,51.53,56.36,1,-1,-1,-1
39,12,163.10,243.69,134.15,61.97,1,-1,-1,-1
39,13,158.77,99.35,135.21,77.68,1,-1,-1,-1
39,17,358.92,136.63,92.37,64.96,1,-1,-1,-1
39,18,521.88,181.92,163.93,114.77,1,-1,-1,-1
39,21,346.73,347.05,62.45,84.78,1,-1,-1,-1
39,22,637.64,275.70,59.58,139.33,1,-1,-1,-1
40,4,191.19,199.10,105.01,59.71,1,-1,-1,-1
40,12,175.38,252.56,147.82,57.07,1,-1,-1,-1
40,17,362.67,131.19,98.68,69.32,1,-1,-1,-1
40,21,325.00,311.99,66.15,108.51,1,-1,-1,-1
40,22,616.94,270.28,51.22,133.67,1,-1,-1,-1
41,4,163.41,195.63,124.29,53.75,1,-1,-1,-1
41,12,170.99,241.67,159.53,65.87,1,-1,-1,-1
41,17,365.48,141.63,99.13,69.63,1,-1,-1,-1
41,21,337.14,297.60,73.00,129.88,1,-1,-1,-1
41,22,640.76,265.08,47.18,143.05,1,-1,-1,-1
41,24,352.31,3.56,148.47,76.14,1,-1,-1,-1
41,26,615.06,347.41,63.13,79.30,1,-1,-1,-1
42,4,185.46,197.25,125.47,65.05,1,-1,-1,-1
42,12,563.58,223.59,103.50,78.74,1,-1,-1,-1
42,21,195.53,130.61,125.66,59.02,1,-1,-1,-1
42,22,628.69,268.97,50.94,123.75,1,-1,-1,-1
42,24,324.34,3.24,152.92,63.41,1,-1,-1,-1
42,26,335.37,127.93,110.27,68.68,1,-1,-1,-1
43,4,9.59,127.00,23.20,87.45,1,-1,-1,-1
43,12,329.97,128.29,131.47,60.22,1,-1,-1,-1
43,21,211.94,106.02,123.67,75.69,1,-1,-1,-1
43,22,637.90,269.05,59.18,139.90,1,-1,-1,-1
43,24,352.42,0.00,141.51,76.82,1,-1,-1,-1
43,26,593.55,356.29,64.94,63.29,1,-1,-1,-1
44,4,561.07,200.72,124.07,86.74,1,-1,-1,-1
44,12,334.27,137.87,103.33,59.80,1,-1,-1,-1
44,21,206.62,124.41,130.55,62.03,1,-1,-1,-1
44,22,621.33,253.33,65.44,160.36,1,-1,-1,-1
44,24,194.93,260.10,124.57,51.79,1,-1,-1,-1
44,26,623.99,394.22,57.19,55.74,1,-1,-1,-1
44,27,314.18,255.99,65.47,164.56,1,-1,-1,-1
45,4,537.86,206.04,120.40,81.62,1,-1,-1,-1
45,12,339.03,139.58,108.35,54.76,1,-1,-1,-1
45,21,177.93,123.46,134.43,68.24,1,-1,-1,-1
45,22,615.32,278.97,60.35,123.77,1,-1,-1,-1
45,24,148.12,187.88,101.40,79.92,1,-1,-1,-1
45,27,326.93,273.71,49.34,128.37,1,-1,-1,-1
46,4,566.39,216.67,103.57,82.27,1,-1,-1,-1
46,12,327.45,138.98,106.57,51.87,1,-1,-1,-1
46,21,200.00,119.04,106.69,78.57,1,-1,-1,-1
46,22,630.77,265.82,66.96,163.93,1,-1,-1,-1
46,24,170.85,196.48,100.42,82.13,1,-1,-1,-1
46,27,305.42,254.67,69.67,159.45,1,-1,-1,-1
46,28,4.77,169.98,90.15,123.40,1,-1,-1,-1
46,29,341.27,9.67,139.04,59.12,1,-1,-1,-1
46,30,610.99,364.54,70.29,64.35,1,-1,-1,-1
47,4,577.89,216.90,106.78,84.83,1,-1,-1,-1
47,12,331.70,129.92,101.46,65.26,1,-1,-1,-1
47,21,207.23,113.50,113.29,62.57,1,-1,-1,-1
47,22,623.29,279.94,71.38,140.01,1,-1,-1,-1
47,24,147.96,205.14,117.59,66.61,1,-1,-1,-1
47,27,321.75,265.44,58.34,124.06,1,-1,-1,-1
47,28,4.16,175.32,94.07,128.76,1,-1,-1,-1
47,29,335.33,0.00,147.62,69.46,1,-1,-1,-1
47,30,617.03,369.13,65.47,59.93,1,-1,-1,-1
47,31,157.55,260.56,146.98,64.42,1,-1,-1,-1
48,12,345.63,138.44,95.62,50.47,1,-1,-1,-1
48,21,176.09,129.52,129.00,58.79,1,-1,-1,-1
48,22,638.68,272.89,63.14,117.42,1,-1,-1,-1
48,24,167.91,205.55,126.83,58.46,1,-1,-1,-1
48,27,304.69,266.65,55.72,130.20,1,-1,-1,-1
48,29,351.88,-0.00,157.16,71.29,1,-1,-1,-1
48,30,614.87,350.44,69.00,81.56,1,-1,-1,-1
48,31,162.11,257.77,142.63,67.56,1,-1,-1,-1
49,12,334.30,133.42,101.22,63.64,1,-1,-1,-1
49,21,198.06,113.63,106.34,83.90,1,-1,-1,-1
49,22,617.38,267.67,76.79,136.17,1,-1,-1,-1
49,24,177.72,190.77,100.19,56.14,1,-1,-1,-1
49,27,326.72,260.16,57.01,157.11,1,-1,-1,-1
49,29,339.57,-0.00,160.77,78.45,1,-1,-1,-1
49,30,596.24,330.05,76.23,101.95,1,-1,-1,-1
49,31,183.90,247.81,124.24,72.11,1,-1,-1,-1
50,12,335.35,127.31,105.22,66.15,1,-1,-1,-1
50,21,177.62,115.57,130.35,68.04,1,-1,-1,-1
50,22,617.05,265.75,78.51,139.21,1,-1,-1,-1
50,24,156.03,196.48,102.00,57.16,1,-1,-1,-1
50,27,307.89,268.25,63.35,146.16,1,-1,-1,-1
50,29,348.15,7.31,146.60,68.13,1,-1,-1,-1
50,30,581.41,341.63,70.67,86.56,1,-1,-1,-1
50,31,169.41,260.76,135.34,55.54,1,-1,-1,-1
50,32,552.50,202.00,125.04,72.20,1,-1,-1,-1
51,21,202.87,111.49,117.73,79.56,1,-1,-1,-1
51,22,641.83,275.48,60.89,114.13,1,-1,-1,-1
51,27,309.29,253.16,55.71,146.52,1,-1,-1,-1
51,28,76.80,240.52,95.70,136.70,1,-1,-1,-1
51,29,346.49,146.54,107.92,52.70,1,-1,-1,-1
51,30,573.96,334.48,76.92,94.22,1,-1,-1,-1
51,31,192.69,264.61,115.00,60.75,1,-1,-1,-1
51,32,537.56,204.80,147.92,68.17,1,-1,-1,-1
52,21,189.22,108.37,151.01,82.33,1,-1,-1,-1
52,22,641.65,275.22,74.01,117.88,1,-1,-1,-1
52,27,209.04,191.73,102.48,73.49,1,-1,-1,-1
52,28,77.83,247.72,98.48,130.08,1,-1,-1,-1
52,29,356.83,137.50,101.96,59.00,1,-1,-1,-1
52,31,198.53,265.68,115.54,61.03,1,-1,-1,-1
52,32,559.95,210.81,135.12,81.86,1,-1,-1,-1
53,12,337.29,134.43,106.61,49.69,1,-1,-1,-1
53,21,199.13,111.80,133.41,79.72,1,-1,-1,-1
53,22,638.31,252.11,48.33,151.39,1,-1,-1,-1
53,27,200.43,187.84,106.14,56.45,1,-1,-1,-1
53,28,100.84,298.94,92.36,118.58,1,-1,-1,-1
53,29,326.88,275.65,68.95,129.99,1,-1,-1,-1
53,30,554.33,289.63,69.12,134.57,1,-1,-1,-1
53,32,543.10,203.61,126.98,80.15,1,-1,-1,-1
54,12,337.40,143.33,112.73,51.83,1,-1,-1,-1
54,21,169.45,126.00,141.01,62.15,1,-1,-1,-1
54,22,335.79,3.33,116.00,74.46,1,-1,-1,-1
54,27,204.25,188.48,83.94,60.54,1,-1,-1,-1
54,28,104.73,301.81,84.27,129.44,1,-1,-1,-1
54,29,313.99,317.70,76.74,144.74,1,-1,-1,-1
54,30,545.42,278.72,74.63,145.30,1,-1,-1,-1
54,32,549.35,208.08,135.41,89.29,1,-1,-1,-1
54,33,191.15,263.89,119.51,60.94,1,-1,-1,-1
55,12,344.03,136.12,106.37,64.18,1,-1,-1,-1
55,21,187.91,113.96,109.71,71.65,1,-1,-1,-1
55,22,350.72,3.29,110.85,62.39,1,-1,-1,-1
55,27,181.72,188.19,105.65,57.50,1,-1,-1,-1
55,28,104.21,305.91,68.48,122.33,1,-1,-1,-1
55,32,526.53,206.62,139.75,74.31,1,-1,-1,-1
55,33,158.44,261.31,155.01,59.84,1,-1,-1,-1
56,12,350.37,147.46,108.46,49.44,1,-1,-1,-1
56,21,195.20,116.09,115.46,60.70,1,-1,-1,-1
56,22,361.60,-0.00,116.30,74.27,1,-1,-1,-1
56,27,184.19,194.35,101.76,59.46,1,-1,-1,-1
56,28,109.84,300.69,76.27,126.23,1,-1,-1,-1
56,30,549.07,296.47,69.60,135.53,1,-1,-1,-1
56,32,630.78,274.65,57.66,124.62,1,-1,-1,-1
56,33,152.81,254.87,155.97,59.70,1,-1,-1,-1
56,34,299.40,264.07,66.07,160.21,1,-1,-1,-1
57,12,349.68,132.17,106.82,55.25,1,-1,-1,-1
57,21,184.84,109.60,120.70,70.23,1,-1,-1,-1
57,22,321.36,-0.00,141.28,73.78,1,-1,-1,-1
57,27,554.47,202.03,107.90,88.82,1,-1,-1,-1
57,28,118.20,312.30,76.54,126.67,1,-1,-1,-1
57,30,561.90,304.35,69.83,127.23,1,-1,-1,-1
57,32,646.89,241.72,46.43,159.25,1,-1,-1,-1
57,33,184.62,254.27,134.25,74.97,1,-1,-1,-1
57,34,310.54,281.17,54.66,128.81,1,-1,-1,-1
58,12,350.51,128.75,110.04,56.91,1,-1,-1,-1
58,21,180.88,108.32,142.36,72.20,1,-1,-1,-1
58,22,327.37,-0.00,133.43,64.68,1,-1,-1,-1
58,27,536.97,205.10,125.34,85.12,1,-1,-1,-1
58,28,106.66,346.65,67.08,81.21,1,-1,-1,-1
58,30,556.51,297.62,73.68,134.25,1,-1,-1,-1
58,32,619.59,266.37,55.08,128.31,1,-1,-1,-1
58,33,202.78,184.54,103.03,70.76,1,-1,-1,-1
58,34,322.49,298.13,41.45,97.69,1,-1,-1,-1
59,21,487.40,269.88,100.54,119.31,1,-1,-1,-1
59,22,327.73,1.61,140.86,76.46,1,-1,-1,-1
59,27,182.92,250.03,127.41,64.92,1,-1,-1,-1
59,28,102.67,355.19,72.24,67.13,1,-1,-1,-1
59,32,628.72,256.87,64.10,141.63,1,-1,-1,-1
59,33,175.55,198.67,123.49,68.24,1,-1,-1,-1
59,34,315.06,268.79,57.09,156.80,1,-1,-1,-1
60,21,429.11,239.85,109.19,111.87,1,-1,-1,-1
60,22,330.50,-0.00,126.35,63.14,1,-1,-1,-1
60,27,333.94,145.91,101.07,58.84,1,-1,-1,-1
60,28,120.33,361.19,63.30,70.81,1,-1,-1,-1
60,32,639.31,246.24,54.82,161.57,1,-1,-1,-1
60,33,190.24,126.29,136.19,70.21,1,-1,-1,-1
60,34,319.59,276.85,52.61,128.48,1,-1,-1,-1
61,21,184.54,182.61,94.32,96.56,1,-1,-1,-1
61,22,326.44,-6.24,124.77,62.34,1,-1,-1,-1
61,27,343.37,148.19,111.32,56.74,1,-1,-1,-1
61,28,100.67,367.92,61.50,64.08,1,-1,-1,-1
61,32,627.13,265.65,60.74,131.54,1,-1,-1,-1
61,33,195.87,108.54,134.57,71.46,1,-1,-1,-1
61,34,309.04,269.01,58.70,141.17,1,-1,-1,-1
61,35,551.00,200.01,127.90,88.33,1,-1,-1,-1
62,21,160.40,181.59,91.73,90.93,1,-1,-1,-1
62,27,407.77,221.89,133.95,85.79,1,-1,-1,-1
62,28,111.67,364.08,67.64,56.12,1,-1,-1,-1
62,32,620.24,261.49,50.80,153.52,1,-1,-1,-1
62,33,194.68,247.14,108.55,76.08,1,-1,-1,-1
62,34,306.61,280.12,58.82,134.63,1,-1,-1,-1
62,35,345.57,0.00,117.08,62.50,1,-1,-1,-1
63,12,354.43,138.09,103.69,54.18,1,-1,-1,-1
63,21,149.51,168.64,102.21,88.01,1,-1,-1,-1
63,27,385.00,207.80,102.64,79.13,1,-1,-1,-1
63,28,100.86,369.57,61.56,61.94,1,-1,-1,-1
63,32,612.42,268.20,65.49,141.39,1,-1,-1,-1
63,33,186.28,239.83,101.47,86.47,1,-1,-1,-1
63,34,320.28,274.97,52.19,144.15,1,-1,-1,-1
63,35,563.91,201.11,99.14,94.91,1,-1,-1,-1
64,12,348.04,143.95,107.52,61.24,1,-1,-1,-1
64,21,166.45,165.94,98.76,84.53,1,-1,-1,-1
64,27,399.70,211.13,106.54,69.20,1,-1,-1,-1
64,28,109.70,372.47,69.82,59.53,1,-1,-1,-1
64,32,616.01,275.93,69.42,149.92,1,-1,-1,-1
64,33,165.44,242.49,131.34,68.13,1,-1,-1,-1
64,34,321.81,274.51,52.95,146.26,1,-1,-1,-1
64,35,643.07,263.12,55.51,128.61,1,-1,-1,-1
64,36,334.80,7.77,114.09,66.60,1,-1,-1,-1
64,37,187.00,119.12,115.66,62.29,1,-1,-1,-1
65,12,329.93,135.04,111.15,54.81,1,-1,-1,-1
65,21,157.43,152.33,93.49,131.43,1,-1,-1,-1
65,27,397.36,204.02,111.55,75.43,1,-1,-1,-1
65,28,91.41,369.20,71.83,62.80,1,-1,-1,-1
65,32,625.20,276.06,64.07,130.79,1,-1,-1,-1
65,33,544.52,203.12,108.93,81.70,1,-1,-1,-1
65,34,327.73,282.08,60.93,138.76,1,-1,-1,-1
65,35,706.64,330.07,63.20,146.45,1,-1,-1,-1
65,36,344.20,0.00,112.50,65.90,1,-1,-1,-1
65,37,179.78,110.91,138.60,74.37,1,-1,-1,-1
66,12,335.94,137.98,103.89,64.66,1,-1,-1,-1
66,21,158.66,154.16,55.81,116.51,1,-1,-1,-1
66,27,381.26,224.84,120.13,61.96,1,-1,-1,-1
66,28,107.41,371.55,71.80,58.59,1,-1,-1,-1
66,32,629.44,263.77,55.80,145.63,1,-1,-1,-1
66,33,548.66,203.35,99.01,82.91,1,-1,-1,-1
66,34,330.44,282.63,61.34,139.68,1,-1,-1,-1
66,36,348.54,10.81,129.80,59.93,1,-1,-1,-1
66,37,195.17,120.34,112.99,61.32,1,-1,-1,-1
67,12,340.12,146.18,122.14,51.56,1,-1,-1,-1
67,21,168.10,178.46,65.37,124.31,1,-1,-1,-1
67,27,381.74,224.24,120.68,57.13,1,-1,-1,-1
67,28,109.73,375.68,69.20,56.46,1,-1,-1,-1
67,32,641.56,262.27,46.71,134.02,1,-1,-1,-1
67,33,595.57,198.68,102.49,85.83,1,-1,-1,-1
67,34,301.29,303.30,91.38,113.71,1,-1,-1,-1
67,36,362.96,12.50,122.51,56.56,1,-1,-1,-1
67,37,165.88,123.44,146.65,60.12,1,-1,-1,-1
68,12,335.59,138.74,111.80,52.51,1,-1,-1,-1
68,21,154.27,193.76,59.46,112.33,1,-1,-1,-1
68,27,98.40,371.61,70.61,60.39,1,-1,-1,-1
68,32,640.63,269.23,60.07,136.46,1,-1,-1,-1
68,34,277.65,294.56,92.00,101.34,1,-1,-1,-1
68,36,346.27,0.00,151.70,76.15,1,-1,-1,-1
68,37,188.34,110.05,117.86,79.92,1,-1,-1,-1
69,12,337.20,147.89,123.57,50.28,1,-1,-1,-1
69,21,155.86,205.07,57.03,156.21,1,-1,-1,-1
69,27,410.17,209.76,96.56,66.60,1,-1,-1,-1
69,32,624.71,274.40,58.06,141.09,1,-1,-1,-1
69,34,291.63,299.72,98.99,71.65,1,-1,-1,-1
69,36,353.96,-0.00,117.78,65.50,1,-1,-1,-1
69,37,215.56,108.82,109.48,84.86,1,-1,-1,-1
69,38,539.45,198.42,113.78,85.31,1,-1,-1,-1
69,39,174.78,240.40,114.49,88.06,1,-1,-1,-1
70,12,338.52,130.74,112.84,58.33,1,-1,-1,-1
70,21,155.07,210.07,60.61,166.17,1,-1,-1,-1
70,27,381.97,221.47,113.66,58.92,1,-1,-1,-1
70,28,109.79,363.10,66.99,66.27,1,-1,-1,-1
70,32,626.37,278.73,59.97,145.79,1,-1,-1,-1
70,34,298.68,301.50,86.06,62.28,1,-1,-1,-1
70,36,335.73,2.89,151.16,60.34,1,-1,-1,-1
70,37,205.04,111.67,130.37,79.89,1,-1,-1,-1
70,38,637.60,266.02,58.76,125.20,1,-1,-1,-1
70,39,170.18,224.57,121.53,102.15,1,-1,-1,-1
71,12,323.45,127.88,124.61,60.74,1,-1,-1,-1
71,21,148.76,245.60,45.99,154.07,1,-1,-1,-1
71,27,394.23,220.09,119.97,62.21,1,-1,-1,-1
71,28,107.71,359.32,68.50,72.68,1,-1,-1,-1
71,36,354.54,4.94,123.29,63.42,1,-1,-1,-1
71,37,193.93,81.47,134.01,95.02,1,-1,-1,-1
71,38,560.46,204.82,78.79,77.45,1,-1,-1,-1
71,39,160.77,208.91,138.15,116.12,1,-1,-1,-1
72,12,347.81,141.23,118.45,53.51,1,-1,-1,-1
72,21,556.77,204.29,91.94,56.74,1,-1,-1,-1
72,27,396.65,214.77,96.84,58.39,1,-1,-1,-1
72,28,107.82,359.94,68.96,73.16,1,-1,-1,-1
72,36,331.70,0.00,152.35,71.01,1,-1,-1,-1
72,37,191.25,75.21,142.59,101.10,1,-1,-1,-1
72,38,603.27,270.28,90.08,127.10,1,-1,-1,-1
72,39,188.38,223.38,120.30,93.74,1,-1,-1,-1
73,12,183.58,312.26,44.17,119.74,1,-1,-1,-1
73,21,536.51,200.86,91.20,71.89,1,-1,-1,-1
73,27,386.34,217.61,116.37,69.18,1,-1,-1,-1
73,28,111.49,365.56,69.61,66.44,1,-1,-1,-1
73,36,338.78,4.01,155.60,76.82,1,-1,-1,-1
73,37,187.29,58.11,126.55,118.94,1,-1,-1,-1
73,38,592.00,290.73,91.20,106.88,1,-1,-1,-1
73,39,189.65,232.87,111.11,80.14,1,-1,-1,-1
74,12,173.61,338.43,47.94,85.68,1,-1,-1,-1
74,21,545.86,205.05,103.50,64.89,1,-1,-1,-1
74,27,386.11,208.33,123.61,63.44,1,-1,-1,-1
74,28,103.50,365.57,70.35,66.43,1,-1,-1,-1
74,36,343.47,0.00,148.68,61.85,1,-1,-1,-1
74,37,194.10,75.00,127.42,98.37,1,-1,-1,-1
74,38,349.28,129.22,93.73,59.05,1,-1,-1,-1
74,39,184.42,227.15,133.74,92.46,1,-1,-1,-1
74,40,244.62,315.98,106.25,61.78,1,-1,-1,-1
75,12,159.63,365.78,55.44,66.22,1,-1,-1,-1
75,21,555.89,206.09,109.02,68.36,1,-1,-1,-1
75,27,396.48,216.17,101.10,58.57,1,-1,-1,-1
75,28,83.63,385.94,72.57,39.19,1,-1,-1,-1
75,36,336.60,0.20,127.09,72.40,1,-1,-1,-1
75,37,218.17,72.45,112.68,105.05,1,-1,-1,-1
75,38,329.25,142.65,113.87,53.63,1,-1,-1,-1
75,39,172.33,241.84,106.01,78.95,1,-1,-1,-1
75,40,256.46,311.73,81.50,52.03,1,-1,-1,-1
76,12,190.10,371.88,48.96,58.90,1,-1,-1,-1
76,27,420.71,214.70,98.22,73.63,1,-1,-1,-1
76,28,74.74,388.26,85.77,35.81,1,-1,-1,-1
76,36,340.47,-0.00,152.42,59.88,1,-1,-1,-1
76,37,257.39,58.26,125.95,122.02,1,-1,-1,-1
76,38,346.28,144.04,115.25,59.34,1,-1,-1,-1
76,39,187.51,252.47,121.35,71.30,1,-1,-1,-1
76,40,262.48,324.31,98.69,51.31,1,-1,-1,-1
77,12,175.87,369.82,56.19,58.43,1,-1,-1,-1
77,27,394.76,203.84,114.77,69.61,1,-1,-1,-1
77,28,67.30,404.04,70.91,27.96,1,-1,-1,-1
77,34,258.45,311.77,98.92,61.95,1,-1,-1,-1
77,36,326.86,-0.00,160.34,62.70,1,-1,-1,-1
77,37,261.10,52.17,132.66,128.53,1,-1,-1,-1
77,38,337.43,148.45,112.41,61.02,1,-1,-1,-1
77,39,192.54,254.95,117.90,69.27,1,-1,-1,-1
77,40,275.09,329.97,90.17,46.88,1,-1,-1,-1
77,41,627.67,286.79,76.69,108.37,1,-1,-1,-1
78,12,171.52,382.30,65.22,42.91,1,-1,-1,-1
78,27,406.49,218.70,102.81,62.54,1,-1,-1,-1
78,28,52.50,409.76,63.52,19.78,1,-1,-1,-1
78,34,169.09,250.96,116.47,67.52,1,-1,-1,-1
78,36,351.65,1.71,122.52,69.78,1,-1,-1,-1
78,38,321.56,152.90,123.75,54.34,1,-1,-1,-1
78,41,627.14,279.08,69.99,125.67,1,-1,-1,-1
79,12,149.10,402.62,56.02,27.58,1,-1,-1,-1
79,27,383.12,219.56,119.01,59.52,1,-1,-1,-1
79,28,56.41,424.85,61.53,7.15,1,-1,-1,-1
79,34,168.84,241.45,131.96,77.39,1,-1,-1,-1
79,36,340.77,6.16,142.47,62.44,1,-1,-1,-1
79,38,336.21,156.09,120.58,47.18,1,-1,-1,-1
79,41,606.00,258.35,73.45,138.60,1,-1,-1,-1
80,12,135.91,419.59,49.20,24.22,1,-1,-1,-1
80,27,386.67,220.65,119.60,59.81,1,-1,-1,-1
80,28,87.74,434.47,-10.45,-1.22,1,-1,-1,-1
80,34,161.68,238.51,130.85,76.73,1,-1,-1,-1
80,36,356.49,0.65,128.09,69.10,1,-1,-1,-1
80,37,308.01,43.37,98.55,76.91,1,-1,-1,-1
80,38,346.66,152.15,97.01,53.27,1,-1,-1,-1
80,39,172.17,249.59,131.09,79.92,1,-1,-1,-1
80,41,624.47,267.33,62.57,131.68,1,-1,-1,-1
80,43,241.67,325.08,114.15,65.97,1,-1,-1,-1
80,44,552.23,204.07,114.05,79.60,1,-1,-1,-1
80,45,60.03,419.04,51.74,10.71,1,-1,-1,-1
81,27,395.92,226.52,122.69,59.69,1,-1,-1,-1
81,36,339.24,0.00,142.78,63.64,1,-1,-1,-1
81,37,318.31,34.49,80.59,64.07,1,-1,-1,-1
81,38,325.94,143.55,101.67,56.69,1,-1,-1,-1
81,39,160.14,418.88,63.48,13.12,1,-1,-1,-1
81,41,638.93,274.05,66.61,125.97,1,-1,-1,-1
81,43,176.23,315.48,134.19,70.80,1,-1,-1,-1
81,44,538.61,213.42,122.16,82.78,1,-1,-1,-1
81,45,70.91,417.84,59.25,14.16,1,-1,-1,-1
82,27,410.39,220.08,101.54,68.01,1,-1,-1,-1
82,36,171.22,241.63,143.33,67.64,1,-1,-1,-1
82,37,326.32,39.17,80.07,70.05,1,-1,-1,-1
82,38,346.03,146.25,101.76,50.27,1,-1,-1,-1
82,39,173.95,410.15,55.78,20.38,1,-1,-1,-1
82,41,619.78,256.93,69.70,135.49,1,-1,-1,-1
82,43,192.89,327.88,109.21,60.18,1,-1,-1,-1
82,44,543.03,205.86,114.75,80.06,1,-1,-1,-1
82,45,28.19,422.24,59.63,9.76,1,-1,-1,-1
83,27,398.82,227.69,103.92,53.82,1,-1,-1,-1
83,36,170.52,245.75,132.08,73.40,1,-1,-1,-1
83,37,332.43,57.32,90.21,55.62,1,-1,-1,-1
83,38,333.12,139.22,105.27,57.20,1,-1,-1,-1
83,39,147.01,417.81,75.70,14.19,1,-1,-1,-1
83,41,629.71,262.55,55.55,141.85,1,-1,-1,-1
83,43,156.30,299.18,103.74,72.94,1,-1,-1,-1
83,44,337.75,10.18,182.51,60.32,1,-1,-1,-1
83,45,0.00,422.34,70.51,9.66,1,-1,-1,-1
84,27,385.69,224.04,128.64,57.32,1,-1,-1,-1
84,36,178.40,221.89,117.93,92.01,1,-1,-1,-1
84,37,351.12,56.67,97.50,47.29,1,-1,-1,-1
84,38,341.76,140.65,115.72,57.23,1,-1,-1,-1
84,39,325.28,0.90,171.69,64.33,1,-1,-1,-1
84,41,630.15,273.52,60.97,107.73,1,-1,-1,-1
84,43,153.54,282.87,101.81,95.59,1,-1,-1,-1
84,44,285.33,-57.00,162.43,53.68,1,-1,-1,-1
84,45,13.84,415.76,60.38,16.24,1,-1,-1,-1
85,27,409.31,223.93,107.77,66.26,1,-1,-1,-1
85,36,190.74,210.59,114.29,114.07,1,-1,-1,-1
85,37,350.25,45.95,89.20,44.48,1,-1,-1,-1
85,38,326.92,152.91,107.97,52.17,1,-1,-1,-1
85,39,122.64,412.32,83.73,19.68,1,-1,-1,-1
85,41,618.71,268.05,66.66,141.32,1,-1,-1,-1
85,43,568.66,208.74,102.23,90.91,1,-1,-1,-1
85,45,0.00,422.08,60.35,9.92,1,-1,-1,-1
86,27,406.13,217.93,102.57,54.81,1,-1,-1,-1
86,36,174.53,193.87,91.47,137.16,1,-1,-1,-1
86,37,331.70,11.98,177.29,57.42,1,-1,-1,-1
86,38,335.51,136.11,113.20,58.04,1,-1,-1,-1
86,39,116.04,241.42,104.74,104.04,1,-1,-1,-1
86,41,617.86,287.53,62.47,114.37,1,-1,-1,-1
86,43,554.10,213.85,85.81,79.40,1,-1,-1,-1
86,45,107.64,403.18,86.94,20.56,1,-1,-1,-1
87,27,380.81,212.10,116.88,74.71,1,-1,-1,-1
87,36,161.08,213.91,118.93,109.74,1,-1,-1,-1
87,37,348.61,3.22,150.17,61.55,1,-1,-1,-1
87,38,345.27,143.40,102.14,68.48,1,-1,-1,-1
87,39,155.47,92.29,140.68,139.76,1,-1,-1,-1
87,41,636.39,276.49,58.48,126.24,1,-1,-1,-1
87,43,561.41,204.78,90.17,99.20,1,-1,-1,-1
87,45,124.21,397.85,102.40,24.22,1,-1,-1,-1
88,27,122.85,404.54,60.41,22.87,1,-1,-1,-1
88,36,60.38,203.99,94.45,85.78,1,-1,-1,-1
88,37,0.23,379.22,57.72,47.96,1,-1,-1,-1
88,38,356.49,141.51,96.48,56.10,1,-1,-1,-1
88,41,619.24,267.48,58.65,127.70,1,-1,-1,-1
88,43,557.31,199.52,95.56,92.46,1,-1,-1,-1
89,27,346.32,2.80,129.41,72.58,1,-1,-1,-1
89,36,40.83,143.15,99.76,123.53,1,-1,-1,-1
89,37,-0.00,379.71,58.33,52.29,1,-1,-1,-1
89,38,339.92,130.96,126.34,72.56,1,-1,-1,-1
89,41,613.62,276.06,60.44,117.35,1,-1,-1,-1
89,43,547.25,203.60,93.15,87.31,1,-1,-1,-1
90,27,342.05,-0.00,126.36,68.14,1,-1,-1,-1
90,36,41.04,145.71,89.25,125.90,1,-1,-1,-1
90,37,-0.00,361.82,71.02,69.76,1,-1,-1,-1
90,38,344.33,144.35,110.73,61.83,1,-1,-1,-1
90,41,626.46,269.57,57.64,118.54,1,-1,-1,-1
90,43,544.79,200.76,94.23,90.22,1,-1,-1,-1
90,46,100.43,423.30,63.13,8.70,1,-1,-1,-1
91,27,389.54,219.65,106.48,59.31,1,-1,-1,-1
91,36,8.85,125.31,108.47,121.06,1,-1,-1,-1
91,37,0.00,370.63,60.50,57.41,1,-1,-1,-1
91,38,200.59,114.16,90.45,79.51,1,-1,-1,-1
91,41,616.71,257.52,70.34,153.40,1,-1,-1,-1
91,43,540.41,187.12,103.56,118.35,1,-1,-1,-1
91,46,339.69,3.27,134.38,60.94,1,-1,-1,-1
92,27,329.84,0.00,139.04,59.70,1,-1,-1,-1
92,36,338.27,130.09,93.19,70.18,1,-1,-1,-1
92,37,6.11,365.56,56.18,58.77,1,-1,-1,-1
92,38,180.26,110.27,94.76,83.30,1,-1,-1,-1
92,41,615.05,266.59,62.28,137.20,1,-1,-1,-1
92,43,547.65,175.94,109.47,125.11,1,-1,-1,-1
92,46,556.95,-416.68,249.49,113.16,1,-1,-1,-1
93,27,-0.00,87.63,59.51,93.02,1,-1,-1,-1
93,36,422.21,216.90,75.39,79.20,1,-1,-1,-1
93,37,0.24,355.01,67.47,72.40,1,-1,-1,-1
93,41,635.63,268.68,53.91,117.89,1,-1,-1,-1
93,43,563.95,189.20,103.31,86.01,1,-1,-1,-1
94,27,336.93,130.56,102.02,71.57,1,-1,-1,-1
94,36,431.81,205.32,63.70,98.80,1,-1,-1,-1
94,37,0.46,349.91,76.37,79.75,1,-1,-1,-1
94,41,615.62,267.00,60.56,137.67,1,-1,-1,-1
94,43,13.56,98.03,59.94,83.18,1,-1,-1,-1
95,27,383.38,0.74,128.09,89.85,1,-1,-1,-1
95,36,422.60,200.90,62.42,122.86,1,-1,-1,-1
95,37,-0.00,356.59,55.43,62.82,1,-1,-1,-1
95,41,586.45,199.93,90.22,81.16,1,-1,-1,-1
95,43,-69.68,75.57,61.72,85.67,1,-1,-1,-1
95,47,4.00,82.97,42.44,77.04,1,-1,-1,-1
95,48,336.35,140.75,112.31,65.79,1,-1,-1,-1
96,36,439.89,190.64,56.58,144.32,1,-1,-1,-1
96,37,0.00,373.39,71.19,58.61,1,-1,-1,-1
96,41,557.71,193.74,102.06,83.47,1,-1,-1,-1
96,47,623.06,270.87,74.14,127.48,1,-1,-1,-1
96,48,342.39,144.37,112.79,71.51,1,-1,-1,-1
97,36,440.59,193.32,58.24,125.83,1,-1,-1,-1
97,37,-13.08,386.34,72.31,59.53,1,-1,-1,-1
97,41,565.80,191.98,85.66,86.81,1,-1,-1,-1
97,47,1233.51,456.51,103.12,177.30,1,-1,-1,-1
97,48,344.39,148.11,121.77,77.20,1,-1,-1,-1
97,49,14.26,74.43,20.32,66.28,1,-1,-1,-1
97,50,593.54,277.95,68.10,112.58,1,-1,-1,-1
98,36,350.57,133.85,104.76,57.05,1,-1,-1,-1
98,41,-0.00,352.70,56.22,69.85,1,-1,-1,-1
98,49,351.31,2.79,125.93,76.06,1,-1,-1,-1
98,50,574.95,275.13,115.55,107.34,1,-1,-1,-1
99,36,327.97,139.64,119.71,64.98,1,-1,-1,-1
99,41,257.36,73.86,91.39,93.84,1,-1,-1,-1
99,49,590.84,204.94,87.24,80.66,1,-1,-1,-1
99,50,579.36,266.86,129.45,70.56,1,-1,-1,-1
100,36,468.64,175.55,84.06,81.11,1,-1,-1,-1
100,41,238.08,71.21,93.82,113.98,1,-1,-1,-1
100,49,901.50,252.31,95.34,88.14,1,-1,-1,-1
100,50,587.77,213.72,91.35,78.63,1,-1,-1,-1
100,51,334.94,0.00,131.63,72.25,1,-1,-1,-1
101,36,0.00,370.68,63.18,61.32,1,-1,-1,-1
101,41,263.59,59.55,64.55,156.28,1,-1,-1,-1
101,50,572.52,213.62,94.89,76.71,1,-1,-1,-1
101,51,560.80,283.43,131.40,52.32,1,-1,-1,-1
102,36,-0.00,355.46,69.21,71.69,1,-1,-1,-1
102,41,234.77,67.58,73.39,170.81,1,-1,-1,-1
102,50,580.20,207.55,98.44,81.62,1,-1,-1,-1
102,51,333.31,11.05,152.94,58.32,1,-1,-1,-1
102,52,352.09,136.49,91.15,69.17,1,-1,-1,-1
103,36,-0.00,358.89,60.07,62.03,1,-1,-1,-1
103,41,259.93,87.95,61.08,133.26,1,-1,-1,-1
103,50,585.89,206.74,76.21,73.45,1,-1,-1,-1
103,51,271.37,-72.15,145.55,55.50,1,-1,-1,-1
103,52,347.91,126.89,106.56,75.47,1,-1,-1,-1
103,54,560.18,267.75,131.22,76.17,1,-1,-1,-1
104,36,-0.00,368.56,58.85,63.44,1,-1,-1,-1
104,41,341.29,0.09,169.59,59.64,1,-1,-1,-1
104,50,577.97,201.08,80.64,93.35,1,-1,-1,-1
104,52,343.16,121.15,118.49,77.54,1,-1,-1,-1
104,54,544.68,270.59,109.90,77.94,1,-1,-1,-1
105,36,0.00,364.91,63.78,62.38,1,-1,-1,-1
105,41,460.53,175.56,90.65,70.50,1,-1,-1,-1
105,50,566.32,194.21,73.65,97.09,1,-1,-1,-1
105,52,351.02,135.51,99.56,71.21,1,-1,-1,-1
105,54,543.68,280.02,101.84,103.50,1,-1,-1,-1
106,36,-0.00,365.11,58.68,66.89,1,-1,-1,-1
106,41,460.37,166.91,97.56,77.20,1,-1,-1,-1
106,50,573.84,203.29,80.24,82.32,1,-1,-1,-1
106,52,355.74,126.72,109.19,79.34,1,-1,-1,-1
106,54,540.65,280.41,95.75,93.99,1,-1,-1,-1
106,55,272.44,76.67,45.58,144.97,1,-1,-1,-1
107,36,-0.00,350.14,65.77,81.86,1,-1,-1,-1
107,41,469.64,171.43,93.71,68.98,1,-1,-1,-1
107,50,566.07,203.89,93.78,79.30,1,-1,-1,-1
107,52,339.58,102.22,102.76,106.75,1,-1,-1,-1
107,54,524.73,285.96,91.94,103.42,1,-1,-1,-1
107,55,266.77,83.78,55.46,117.15,1,-1,-1,-1
107,56,323.59,0.00,155.45,61.12,1,-1,-1,-1
108,36,-14.98,360.87,68.61,85.41,1,-1,-1,-1
108,41,474.94,184.13,102.81,82.22,1,-1,-1,-1
108,50,562.83,201.19,88.75,81.47,1,-1,-1,-1
108,52,353.27,87.32,78.21,105.69,1,-1,-1,-1
108,54,506.45,290.91,99.55,111.99,1,-1,-1,-1
108,55,251.37,77.32,59.47,133.40,1,-1,-1,-1
108,56,339.49,0.00,124.14,59.53,1,-1,-1,-1
109,41,472.27,194.46,106.77,81.45,1,-1,-1,-1
109,50,593.75,189.57,79.25,93.30,1,-1,-1,-1
109,52,358.69,75.74,44.06,115.37,1,-1,-1,-1
109,55,255.28,84.90,53.28,107.74,1,-1,-1,-1
109,56,355.57,0.00,140.61,68.18,1,-1,-1,-1
110,41,486.57,216.01,111.07,84.73,1,-1,-1,-1
110,50,575.68,195.27,73.13,85.95,1,-1,-1,-1
110,52,346.07,58.53,50.20,128.21,1,-1,-1,-1
110,55,265.15,85.12,51.42,113.65,1,-1,-1,-1
110,56,355.89,5.61,118.43,57.75,1,-1,-1,-1
110,57,527.05,289.24,100.54,89.88,1,-1,-1,-1
111,50,583.59,196.90,77.76,90.74,1,-1,-1,-1
111,52,378.14,64.10,39.50,117.47,1,-1,-1,-1
111,55,275.15,72.38,45.16,129.50,1,-1,-1,-1
111,56,332.89,0.00,134.97,60.18,1,-1,-1,-1
111,57,544.08,285.49,93.23,88.97,1,-1,-1,-1
112,50,568.50,194.82,91.60,88.77,1,-1,-1,-1
112,52,376.69,52.08,39.82,109.83,1,-1,-1,-1
112,55,0.00,355.80,64.58,76.20,1,-1,-1,-1
112,56,332.14,-0.53,135.99,60.63,1,-1,-1,-1
112,57,557.78,281.77,92.27,88.05,1,-1,-1,-1
112,59,511.85,178.68,62.24,173.27,1,-1,-1,-1
113,41,527.67,300.03,94.11,85.31,1,-1,-1,-1
113,50,568.48,200.71,84.24,79.72,1,-1,-1,-1
113,52,368.90,56.92,37.33,75.85,1,-1,-1,-1
113,55,0.00,365.08,60.58,66.92,1,-1,-1,-1
113,59,495.00,189.60,60.89,164.00,1,-1,-1,-1
114,41,541.22,323.41,96.77,87.72,1,-1,-1,-1
114,50,591.50,199.46,82.72,81.28,1,-1,-1,-1
114,52,366.71,43.78,36.15,74.32,1,-1,-1,-1
114,55,1.37,356.46,76.40,75.54,1,-1,-1,-1
114,59,479.35,200.44,57.51,154.90,1,-1,-1,-1
114,60,350.21,2.86,143.87,71.54,1,-1,-1,-1
115,50,595.13,191.39,82.37,86.09,1,-1,-1,-1
115,52,369.75,48.71,28.79,68.79,1,-1,-1,-1
115,55,267.66,63.83,46.31,148.63,1,-1,-1,-1
115,60,345.98,0.00,144.60,64.28,1,-1,-1,-1
116,50,577.09,202.16,88.99,92.24,1,-1,-1,-1
116,52,0.00,358.09,74.64,64.82,1,-1,-1,-1
116,55,269.28,67.09,56.97,134.19,1,-1,-1,-1
116,60,351.28,-0.00,143.16,61.88,1,-1,-1,-1
116,62,525.42,303.19,98.29,102.53,1,-1,-1,-1
117,50,377.34,46.62,36.24,56.62,1,-1,-1,-1
117,52,-0.00,360.26,62.22,70.72,1,-1,-1,-1
117,55,267.09,65.86,54.76,146.21,1,-1,-1,-1
117,57,586.64,206.27,96.58,78.15,1,-1,-1,-1
117,60,360.10,1.17,127.10,63.75,1,-1,-1,-1
117,62,535.37,307.72,71.56,94.77,1,-1,-1,-1
117,63,487.16,319.79,54.37,112.21,1,-1,-1,-1
118,50,381.75,42.62,31.09,57.71,1,-1,-1,-1
118,52,5.96,352.43,64.91,75.75,1,-1,-1,-1
118,55,250.06,89.13,57.89,112.84,1,-1,-1,-1
118,57,577.21,197.50,89.28,81.55,1,-1,-1,-1
118,60,356.02,0.00,135.57,59.51,1,-1,-1,-1
118,62,535.18,334.90,72.78,64.22,1,-1,-1,-1
118,63,502.74,338.61,58.15,91.80,1,-1,-1,-1
119,50,365.23,27.94,30.18,56.02,1,-1,-1,-1
119,52,5.17,359.11,71.49,72.89,1,-1,-1,-1
119,55,258.24,80.16,48.99,125.18,1,-1,-1,-1
119,56,336.27,-0.00,132.87,67.50,1,-1,-1,-1
119,57,573.08,196.58,69.69,93.86,1,-1,-1,-1
119,60,359.71,-0.56,129.47,56.83,1,-1,-1,-1
119,62,551.85,321.35,72.59,84.60,1,-1,-1,-1
119,63,504.26,373.69,64.84,58.31,1,-1,-1,-1
120,52,-0.00,354.06,60.24,73.93,1,-1,-1,-1
120,55,265.44,66.85,52.05,146.91,1,-1,-1,-1
120,56,352.05,3.08,114.24,67.53,1,-1,-1,-1
120,57,566.49,212.70,94.26,80.21,1,-1,-1,-1
120,62,548.20,314.29,87.57,91.51,1,-1,-1,-1
120,63,473.68,372.80,81.99,59.20,1,-1,-1,-1
121,52,0.00,366.58,66.41,65.42,1,-1,-1,-1
121,55,272.91,77.60,62.42,128.03,1,-1,-1,-1
121,56,339.02,0.00,130.01,63.51,1,-1,-1,-1
121,57,584.61,205.40,91.13,95.19,1,-1,-1,-1
121,62,531.99,310.91,79.10,112.80,1,-1,-1,-1
121,63,503.05,370.76,75.76,55.92,1,-1,-1,-1
122,52,16.32,362.21,67.18,69.79,1,-1,-1,-1
122,55,375.80,45.63,31.51,68.36,1,-1,-1,-1
122,56,347.83,-0.00,114.38,74.51,1,-1,-1,-1
122,57,569.40,203.65,71.43,88.07,1,-1,-1,-1
122,62,541.68,296.63,63.47,122.61,1,-1,-1,-1
122,63,491.48,391.02,73.72,40.98,1,-1,-1,-1
123,52,253.68,78.63,58.26,118.54,1,-1,-1,-1
123,55,406.88,18.86,31.52,68.38,1,-1,-1,-1
123,56,364.79,60.32,35.67,66.72,1,-1,-1,-1
123,57,571.99,198.93,81.70,86.84,1,-1,-1,-1
123,60,343.88,-0.00,154.43,66.03,1,-1,-1,-1
123,62,542.12,293.27,67.06,129.55,1,-1,-1,-1
123,63,479.09,400.65,70.89,29.35,1,-1,-1,-1
124,52,275.38,63.62,56.35,137.87,1,-1,-1,-1
124,56,381.75,59.09,36.86,62.59,1,-1,-1,-1
124,57,583.57,198.95,86.30,107.20,1,-1,-1,-1
124,60,9.23,372.74,61.31,59.26,1,-1,-1,-1
124,63,561.23,334.15,53.37,97.85,1,-1,-1,-1
125,52,259.68,60.63,61.19,151.72,1,-1,-1,-1
125,56,380.73,54.96,37.90,63.69,1,-1,-1,-1
125,57,567.89,206.55,76.85,81.20,1,-1,-1,-1
125,60,0.00,365.44,70.75,66.56,1,-1,-1,-1
125,62,572.81,338.39,53.52,79.81,1,-1,-1,-1
125,63,574.57,2.46,85.07,40.32,1,-1,-1,-1
126,52,250.82,63.95,57.06,144.53,1,-1,-1,-1
126,56,359.47,48.92,39.75,69.62,1,-1,-1,-1
126,57,568.85,202.29,77.50,81.89,1,-1,-1,-1
126,60,3.38,373.75,64.20,58.25,1,-1,-1,-1
126,62,547.51,335.42,58.44,82.23,1,-1,-1,-1
126,63,581.44,-32.46,128.11,60.71,1,-1,-1,-1
126,64,485.58,385.60,70.40,46.40,1,-1,-1,-1
126,65,321.10,5.97,152.52,62.45,1,-1,-1,-1
127,52,270.51,88.47,55.54,120.34,1,-1,-1,-1
127,56,367.69,51.38,43.29,60.50,1,-1,-1,-1
127,60,-0.00,371.91,64.01,60.09,1,-1,-1,-1
127,62,544.52,335.56,59.64,83.93,1,-1,-1,-1
127,64,502.93,392.56,70.01,39.44,1,-1,-1,-1
127,65,357.69,0.00,133.77,65.47,1,-1,-1,-1
128,52,255.32,75.43,48.50,131.66,1,-1,-1,-1
128,56,383.09,50.62,32.16,58.57,1,-1,-1,-1
128,57,574.95,191.44,98.67,105.03,1,-1,-1,-1
128,60,-27.99,398.03,63.81,59.91,1,-1,-1,-1
128,64,482.42,380.64,60.49,46.69,1,-1,-1,-1
128,65,323.91,2.00,149.74,73.00,1,-1,-1,-1
129,52,272.22,74.70,48.55,140.86,1,-1,-1,-1
129,56,635.61,0.00,76.47,68.88,1,-1,-1,-1
129,57,561.05,185.63,87.92,115.79,1,-1,-1,-1
129,64,477.45,386.12,66.65,44.23,1,-1,-1,-1
129,65,359.03,0.89,116.93,67.13,1,-1,-1,-1
130,52,231.27,98.58,56.35,163.75,1,-1,-1,-1
130,56,623.00,-0.00,92.75,68.68,1,-1,-1,-1
130,57,586.45,166.81,86.96,116.16,1,-1,-1,-1
130,62,548.89,318.39,72.28,96.15,1,-1,-1,-1
130,64,480.31,388.38,69.99,43.62,1,-1,-1,-1
130,65,342.13,-0.00,130.72,65.71,1,-1,-1,-1
130,66,381.81,63.49,32.30,53.79,1,-1,-1,-1
131,52,234.80,117.48,52.77,153.26,1,-1,-1,-1
131,56,10.92,375.12,48.29,53.78,1,-1,-1,-1
131,57,581.54,179.54,76.96,86.51,1,-1,-1,-1
131,62,552.41,339.23,51.67,81.74,1,-1,-1,-1
131,64,479.93,383.27,69.37,42.71,1,-1,-1,-1
131,65,334.08,7.59,145.09,62.19,1,-1,-1,-1
131,66,383.41,48.68,40.94,59.08,1,-1,-1,-1
132,52,230.89,144.39,70.02,142.04,1,-1,-1,-1
132,56,-0.00,376.07,42.59,52.36,1,-1,-1,-1
132,57,628.87,14.17,88.69,97.53,1,-1,-1,-1
132,62,563.26,341.84,48.28,83.31,1,-1,-1,-1
132,64,496.46,382.34,70.18,43.14,1,-1,-1,-1
132,65,332.54,7.76,131.22,66.60,1,-1,-1,-1
132,66,358.05,39.56,40.10,76.19,1,-1,-1,-1
132,67,0.00,8.50,63.25,25.03,1,-1,-1,-1
133,52,228.46,164.57,58.15,115.96,1,-1,-1,-1
133,56,585.15,174.78,75.99,99.23,1,-1,-1,-1
133,57,634.20,0.51,92.89,115.68,1,-1,-1,-1
133,62,563.65,342.63,48.75,84.14,1,-1,-1,-1
133,64,482.63,381.25,75.92,43.19,1,-1,-1,-1
133,65,332.28,8.03,126.96,60.31,1,-1,-1,-1
133,66,364.84,53.22,37.88,67.50,1,-1,-1,-1
133,67,-0.00,3.53,54.17,38.45,1,-1,-1,-1
134,52,239.67,172.47,61.32,103.22,1,-1,-1,-1
134,56,598.48,164.97,72.95,111.80,1,-1,-1,-1
134,57,631.76,-0.00,104.10,132.75,1,-1,-1,-1
134,64,478.41,378.59,76.38,53.41,1,-1,-1,-1
134,65,14.68,381.51,47.62,50.27,1,-1,-1,-1
134,66,379.13,57.33,37.09,56.50,1,-1,-1,-1
134,67,4.97,3.18,54.18,32.19,1,-1,-1,-1
135,52,0.00,364.39,35.54,62.42,1,-1,-1,-1
135,56,589.53,171.38,97.11,111.32,1,-1,-1,-1
135,57,611.38,-0.00,91.00,140.31,1,-1,-1,-1
135,64,504.31,376.51,63.61,45.69,1,-1,-1,-1
135,65,-49.66,449.30,45.73,48.29,1,-1,-1,-1
135,66,377.61,53.16,38.63,58.85,1,-1,-1,-1
135,67,4.55,-0.00,82.68,29.90,1,-1,-1,-1
135,68,576.96,374.15,65.05,57.85,1,-1,-1,-1
136,52,0.00,356.40,47.83,70.30,1,-1,-1,-1
136,56,594.56,177.09,92.05,111.90,1,-1,-1,-1
136,57,588.59,-0.00,119.07,141.05,1,-1,-1,-1
136,64,481.83,391.47,71.92,40.53,1,-1,-1,-1
136,66,371.61,52.90,35.50,74.70,1,-1,-1,-1
136,67,-0.00,-0.00,72.48,35.96,1,-1,-1,-1
136,68,576.09,372.10,75.58,59.90,1,-1,-1,-1
137,52,5.95,373.11,46.82,51.59,1,-1,-1,-1
137,56,652.00,170.96,97.28,118.28,1,-1,-1,-1
137,57,575.13,40.93,177.49,132.76,1,-1,-1,-1
137,62,566.01,372.30,59.49,58.74,1,-1,-1,-1
137,64,469.12,374.55,83.23,57.45,1,-1,-1,-1
137,66,368.25,49.53,37.94,79.83,1,-1,-1,-1
137,67,7.44,-0.00,91.58,25.59,1,-1,-1,-1
137,68,579.16,370.07,78.15,61.93,1,-1,-1,-1
137,69,330.54,9.04,151.41,60.68,1,-1,-1,-1
137,70,245.16,238.83,78.61,119.64,1,-1,-1,-1
138,52,12.55,376.78,57.39,46.28,1,-1,-1,-1
138,57,566.76,50.65,149.83,142.56,1,-1,-1,-1
138,62,563.57,364.83,78.16,58.15,1,-1,-1,-1
138,64,501.76,390.96,71.29,41.04,1,-1,-1,-1
138,67,7.17,6.28,73.06,39.61,1,-1,-1,-1
138,69,341.88,4.79,152.75,59.97,1,-1,-1,-1
138,70,238.06,246.85,71.67,134.24,1,-1,-1,-1
139,52,-0.00,373.47,42.70,49.04,1,-1,-1,-1
139,57,567.61,36.97,154.72,147.21,1,-1,-1,-1
139,62,567.15,365.77,75.90,56.46,1,-1,-1,-1
139,64,489.43,370.68,56.35,58.87,1,-1,-1,-1
139,66,375.04,53.47,43.06,53.23,1,-1,-1,-1
139,67,0.00,0.00,82.45,37.87,1,-1,-1,-1
139,68,578.61,368.99,74.49,54.20,1,-1,-1,-1
139,69,329.20,0.00,136.55,60.71,1,-1,-1,-1
139,70,223.72,254.85,79.40,148.72,1,-1,-1,-1
139,71,575.64,197.40,110.16,74.54,1,-1,-1,-1
140,52,-0.00,380.20,43.90,51.80,1,-1,-1,-1
140,64,503.49,374.42,67.77,57.58,1,-1,-1,-1
140,66,376.48,53.66,38.59,55.22,1,-1,-1,-1
140,67,-0.00,5.30,68.27,36.12,1,-1,-1,-1
140,68,261.96,259.98,69.47,146.54,1,-1,-1,-1
140,69,520.77,77.54,179.74,98.96,1,-1,-1,-1
140,71,578.34,199.93,102.98,69.68,1,-1,-1,-1
141,52,-8.70,388.94,42.09,49.66,1,-1,-1,-1
141,62,569.36,355.77,67.44,71.77,1,-1,-1,-1
141,64,488.57,382.61,67.85,49.39,1,-1,-1,-1
141,66,358.69,54.35,44.57,55.99,1,-1,-1,-1
141,67,-0.00,0.00,55.32,30.65,1,-1,-1,-1
141,68,174.13,230.51,80.61,170.07,1,-1,-1,-1
141,69,524.98,101.52,144.81,98.53,1,-1,-1,-1
141,70,246.79,289.86,70.55,134.22,1,-1,-1,-1
141,71,565.68,200.65,114.49,86.49,1,-1,-1,-1
142,62,569.29,375.54,66.45,56.46,1,-1,-1,-1
142,64,476.18,369.94,76.54,58.35,1,-1,-1,-1
142,66,385.49,59.89,35.82,46.50,1,-1,-1,-1
142,67,9.69,5.56,62.50,38.48,1,-1,-1,-1
142,69,461.78,80.33,192.58,159.81,1,-1,-1,-1
142,70,0.00,372.88,39.18,51.36,1,-1,-1,-1
142,71,572.60,211.96,122.12,84.77,1,-1,-1,-1
143,62,576.28,369.42,71.19,54.68,1,-1,-1,-1
143,64,483.66,383.27,74.95,48.23,1,-1,-1,-1
143,66,359.34,45.12,32.73,48.38,1,-1,-1,-1
143,67,0.00,0.00,58.80,30.54,1,-1,-1,-1
143,69,492.66,46.15,131.13,174.57,1,-1,-1,-1
143,70,344.98,0.00,133.41,69.14,1,-1,-1,-1
143,71,551.14,197.96,110.47,93.06,1,-1,-1,-1
144,62,556.93,374.37,73.35,57.63,1,-1,-1,-1
144,64,479.15,392.38,65.11,39.48,1,-1,-1,-1
144,66,367.48,44.37,36.68,52.67,1,-1,-1,-1
144,67,-0.00,-0.00,55.31,32.19,1,-1,-1,-1
144,69,489.75,0.00,111.05,197.86,1,-1,-1,-1
144,70,564.90,-225.60,143.82,74.53,1,-1,-1,-1
144,71,558.92,211.77,95.48,98.45,1,-1,-1,-1
144,72,262.93,324.29,81.25,107.71,1,-1,-1,-1
145,62,-0.00,379.57,43.35,50.32,1,-1,-1,-1
145,64,496.76,387.95,70.32,39.51,1,-1,-1,-1
145,66,355.34,1.17,134.83,58.34,1,-1,-1,-1
145,67,0.00,-0.00,54.16,31.20,1,-1,-1,-1
145,69,442.51,0.00,138.15,184.93,1,-1,-1,-1
145,71,551.19,211.57,117.79,86.24,1,-1,-1,-1
145,72,257.49,326.56,82.29,93.27,1,-1,-1,-1
146,62,361.60,46.13,47.92,51.62,1,-1,-1,-1
146,64,583.93,359.95,62.64,63.13,1,-1,-1,-1
146,66,345.11,1.85,142.25,56.19,1,-1,-1,-1
146,67,-2.54,-0.11,57.34,33.04,1,-1,-1,-1
146,69,457.17,13.74,131.47,169.85,1,-1,-1,-1
146,71,597.63,210.74,98.91,81.04,1,-1,-1,-1
146,72,270.29,329.52,74.33,102.48,1,-1,-1,-1
147,62,8.29,379.07,53.08,52.80,1,-1,-1,-1
147,64,558.93,362.85,73.41,60.26,1,-1,-1,-1
147,66,353.75,8.85,118.17,59.97,1,-1,-1,-1
147,69,445.25,73.56,130.89,114.17,1,-1,-1,-1
147,71,626.31,205.38,81.37,87.17,1,-1,-1,-1
147,72,272.33,329.90,81.59,89.48,1,-1,-1,-1
148,62,-46.90,381.92,52.66,52.39,1,-1,-1,-1
148,64,565.00,360.96,70.73,66.80,1,-1,-1,-1
148,66,322.87,2.62,167.23,55.78,1,-1,-1,-1
148,69,473.23,89.84,139.45,121.65,1,-1,-1,-1
148,71,631.26,205.73,83.32,89.27,1,-1,-1,-1
148,72,256.05,334.05,84.21,97.95,1,-1,-1,-1
148,73,489.84,363.19,56.53,61.83,1,-1,-1,-1
148,74,256.16,8.99,90.95,56.86,1,-1,-1,-1
