2,1,596.00,327.00,64.00,104.00,1,-1,-1,-1
2,2,581.00,244.00,82.00,113.00,1,-1,-1,-1
2,3,338.00,325.00,167.00,106.00,1,-1,-1,-1
2,4,361.00,163.00,114.00,53.00,1,-1,-1,-1
2,5,335.00,0.00,153.00,64.00,1,-1,-1,-1
2,6,191.00,115.00,108.00,108.00,1,-1,-1,-1
2,7,-0.00,225.00,66.00,94.00,1,-1,-1,-1
3,1,595.00,326.00,65.00,105.00,1,-1,-1,-1
3,2,567.00,267.00,85.00,117.00,1,-1,-1,-1
3,3,339.00,328.00,166.00,103.00,1,-1,-1,-1
3,4,362.00,163.00,115.00,56.00,1,-1,-1,-1
3,5,335.00,-0.00,156.00,63.00,1,-1,-1,-1
3,6,190.00,115.00,106.00,106.00,1,-1,-1,-1
3,7,-0.00,225.00,63.00,103.00,1,-1,-1,-1
4,1,598.00,324.00,60.00,107.00,1,-1,-1,-1
4,2,567.00,271.00,74.00,138.00,1,-1,-1,-1
4,3,335.00,328.00,170.00,103.00,1,-1,-1,-1
4,4,369.00,162.00,109.00,58.00,1,-1,-1,-1
4,5,333.00,-0.00,158.00,63.00,1,-1,-1,-1
4,6,188.00,110.00,108.00,111.00,1,-1,-1,-1
4,7,-0.00,227.00,53.00,100.00,1,-1,-1,-1
5,1,604.00,320.00,56.00,111.00,1,-1,-1,-1
5,2,562.00,287.00,54.00,140.00,1,-1,-1,-1
5,3,341.00,328.00,164.00,103.00,1,-1,-1,-1
5,4,367.00,160.00,110.00,58.00,1,-1,-1,-1
5,5,333.00,-0.00,160.00,62.00,1,-1,-1,-1
5,6,185.00,110.00,110.00,108.00,1,-1,-1,-1
5,7,0.00,230.00,54.00,98.00,1,-1,-1,-1
6,1,600.00,341.00,67.00,90.00,1,-1,-1,-1
6,2,548.00,321.00,57.00,110.00,1,-1,-1,-1
6,3,341.00,328.00,164.00,103.00,1,-1,-1,-1
6,4,361.00,158.00,107.00,60.00,1,-1,-1,-1
6,5,337.00,-0.00,145.00,64.00,1,-1,-1,-1
6,6,182.00,112.00,102.00,110.00,1,-1,-1,-1
6,7,-0.00,233.00,51.00,97.00,1,-1,-1,-1
7,1,597.00,345.00,81.00,86.00,1,-1,-1,-1
7,2,548.00,328.00,67.00,103.00,1,-1,-1,-1
7,3,345.00,325.00,162.00,106.00,1,-1,-1,-1
7,4,346.00,148.00,107.00,64.00,1,-1,-1,-1
7,5,336.00,1.00,148.00,61.00,1,-1,-1,-1
7,6,182.00,112.00,102.00,107.00,1,-1,-1,-1
7,7,-0.00,233.00,51.00,99.00,1,-1,-1,-1
8,1,599.00,342.00,84.00,89.00,1,-1,-1,-1
8,2,549.00,332.00,76.00,99.00,1,-1,-1,-1
8,3,345.00,325.00,162.00,106.00,1,-1,-1,-1
8,4,346.00,146.00,104.00,67.00,1,-1,-1,-1
8,5,336.00,1.00,145.00,62.00,1,-1,-1,-1
8,6,184.00,110.00,99.00,110.00,1,-1,-1,-1
8,7,-0.00,233.00,50.00,98.00,1,-1,-1,-1
9,1,602.00,348.00,96.00,83.00,1,-1,-1,-1
9,2,550.00,334.00,78.00,97.00,1,-1,-1,-1
9,3,345.00,326.00,162.00,105.00,1,-1,-1,-1
9,4,344.00,136.00,105.00,75.00,1,-1,-1,-1
9,5,336.00,0.00,145.00,63.00,1,-1,-1,-1
9,6,186.00,108.00,91.00,115.00,1,-1,-1,-1
9,7,-0.00,227.00,58.00,117.00,1,-1,-1,-1
10,1,597.00,343.00,103.00,88.00,1,-1,-1,-1
10,2,550.00,334.00,79.00,97.00,1,-1,-1,-1
10,3,345.00,326.00,164.00,105.00,1,-1,-1,-1
10,4,343.00,134.00,107.00,76.00,1,-1,-1,-1
10,5,336.00,-0.00,147.00,64.00,1,-1,-1,-1
10,6,186.00,108.00,110.00,112.00,1,-1,-1,-1
10,7,-0.00,250.00,58.00,124.00,1,-1,-1,-1
11,1,595.00,339.00,105.00,92.00,1,-1,-1,-1
11,2,550.00,334.00,86.00,97.00,1,-1,-1,-1
11,3,346.00,323.00,161.00,108.00,1,-1,-1,-1
11,4,346.00,133.00,103.00,74.00,1,-1,-1,-1
11,5,337.00,-0.00,143.00,63.00,1,-1,-1,-1
11,6,190.00,110.00,110.00,104.00,1,-1,-1,-1
11,7,-0.00,274.00,53.00,122.00,1,-1,-1,-1
12,1,595.00,339.00,106.00,92.00,1,-1,-1,-1
12,2,549.00,336.00,78.00,95.00,1,-1,-1,-1
12,3,342.00,322.00,164.00,109.00,1,-1,-1,-1
12,4,347.00,131.00,103.00,75.00,1,-1,-1,-1
12,5,337.00,-0.00,153.00,67.00,1,-1,-1,-1
12,6,187.00,111.00,113.00,103.00,1,-1,-1,-1
12,7,0.00,286.00,70.00,112.00,1,-1,-1,-1
13,1,594.00,350.00,113.00,81.00,1,-1,-1,-1
13,2,549.00,332.00,73.00,99.00,1,-1,-1,-1
13,3,343.00,324.00,168.00,107.00,1,-1,-1,-1
13,4,345.00,132.00,105.00,76.00,1,-1,-1,-1
13,5,348.00,-0.00,151.00,67.00,1,-1,-1,-1
13,6,189.00,114.00,109.00,97.00,1,-1,-1,-1
13,7,0.00,310.00,90.00,101.00,1,-1,-1,-1
13,8,0.00,104.00,80.00,83.00,1,-1,-1,-1
14,1,596.00,351.00,112.00,80.00,1,-1,-1,-1
14,2,549.00,328.00,68.00,103.00,1,-1,-1,-1
14,3,343.00,321.00,172.00,110.00,1,-1,-1,-1
14,4,344.00,136.00,105.00,71.00,1,-1,-1,-1
14,5,344.00,-0.00,159.00,67.00,1,-1,-1,-1
14,6,187.00,117.00,111.00,94.00,1,-1,-1,-1
14,7,0.00,343.00,112.00,69.00,1,-1,-1,-1
14,8,26.00,135.00,106.00,91.00,1,-1,-1,-1
15,1,597.00,341.00,111.00,90.00,1,-1,-1,-1
15,2,549.00,330.00,62.00,101.00,1,-1,-1,-1
15,3,339.00,322.00,175.00,109.00,1,-1,-1,-1
15,4,338.00,137.00,107.00,71.00,1,-1,-1,-1
15,5,342.00,-0.00,161.00,67.00,1,-1,-1,-1
15,6,187.00,115.00,113.00,95.00,1,-1,-1,-1
15,7,21.00,355.00,133.00,64.00,1,-1,-1,-1
15,8,55.00,172.00,115.00,83.00,1,-1,-1,-1
16,1,597.00,341.00,77.00,90.00,1,-1,-1,-1
16,2,551.00,331.00,59.00,100.00,1,-1,-1,-1
16,3,339.00,322.00,172.00,109.00,1,-1,-1,-1
16,4,339.00,142.00,109.00,64.00,1,-1,-1,-1
16,5,342.00,-0.00,163.00,69.00,1,-1,-1,-1
16,6,185.00,116.00,115.00,94.00,1,-1,-1,-1
16,7,84.00,315.00,137.00,85.00,1,-1,-1,-1
16,8,68.00,189.00,108.00,76.00,1,-1,-1,-1
17,1,594.00,334.00,82.00,97.00,1,-1,-1,-1
17,2,549.00,331.00,60.00,97.00,1,-1,-1,-1
17,3,339.00,321.00,172.00,110.00,1,-1,-1,-1
17,4,336.00,144.00,111.00,61.00,1,-1,-1,-1
17,5,341.00,-0.00,164.00,69.00,1,-1,-1,-1
17,6,184.00,117.00,115.00,94.00,1,-1,-1,-1
17,7,143.00,256.00,127.00,126.00,1,-1,-1,-1
17,8,72.00,192.00,108.00,70.00,1,-1,-1,-1
18,1,595.00,335.00,74.00,96.00,1,-1,-1,-1
18,2,549.00,329.00,58.00,100.00,1,-1,-1,-1
18,3,339.00,321.00,175.00,110.00,1,-1,-1,-1
18,4,336.00,144.00,111.00,61.00,1,-1,-1,-1
18,5,345.00,-0.00,129.00,69.00,1,-1,-1,-1
18,6,184.00,120.00,115.00,91.00,1,-1,-1,-1
18,7,175.00,234.00,114.00,108.00,1,-1,-1,-1
18,8,73.00,189.00,104.00,75.00,1,-1,-1,-1
19,1,598.00,339.00,78.00,92.00,1,-1,-1,-1
19,2,551.00,329.00,60.00,97.00,1,-1,-1,-1
19,3,344.00,321.00,177.00,110.00,1,-1,-1,-1
19,4,334.00,142.00,111.00,60.00,1,-1,-1,-1
19,5,344.00,-0.00,127.00,68.00,1,-1,-1,-1
19,6,181.00,123.00,117.00,87.00,1,-1,-1,-1
19,7,186.00,229.00,104.00,106.00,1,-1,-1,-1
19,8,75.00,188.00,102.00,76.00,1,-1,-1,-1
20,1,597.00,340.00,81.00,91.00,1,-1,-1,-1
20,2,552.00,327.00,59.00,99.00,1,-1,-1,-1
20,3,344.00,321.00,177.00,110.00,1,-1,-1,-1
20,4,331.00,144.00,112.00,57.00,1,-1,-1,-1
20,5,344.00,-0.00,127.00,70.00,1,-1,-1,-1
20,6,178.00,123.00,119.00,87.00,1,-1,-1,-1
20,7,192.00,226.00,100.00,105.00,1,-1,-1,-1
20,8,76.00,186.00,101.00,82.00,1,-1,-1,-1
21,1,600.00,348.00,81.00,83.00,1,-1,-1,-1
21,2,552.00,327.00,57.00,101.00,1,-1,-1,-1
21,3,342.00,322.00,179.00,109.00,1,-1,-1,-1
21,4,331.00,144.00,112.00,55.00,1,-1,-1,-1
21,5,344.00,-0.00,127.00,70.00,1,-1,-1,-1
21,6,178.00,126.00,118.00,88.00,1,-1,-1,-1
21,7,189.00,226.00,103.00,106.00,1,-1,-1,-1
21,8,78.00,186.00,99.00,82.00,1,-1,-1,-1
22,1,596.00,339.00,89.00,73.00,1,-1,-1,-1
22,2,548.00,326.00,61.00,103.00,1,-1,-1,-1
22,3,342.00,323.00,178.00,108.00,1,-1,-1,-1
22,4,335.00,143.00,109.00,56.00,1,-1,-1,-1
22,5,344.00,-0.00,127.00,70.00,1,-1,-1,-1
22,6,178.00,123.00,118.00,91.00,1,-1,-1,-1
22,7,191.00,212.00,105.00,119.00,1,-1,-1,-1
22,8,83.00,178.00,101.00,86.00,1,-1,-1,-1
23,1,599.00,307.00,84.00,87.00,1,-1,-1,-1
23,2,553.00,331.00,59.00,97.00,1,-1,-1,-1
23,3,342.00,321.00,178.00,110.00,1,-1,-1,-1
23,4,335.00,141.00,111.00,59.00,1,-1,-1,-1
23,5,344.00,-0.00,127.00,70.00,1,-1,-1,-1
23,6,178.00,123.00,115.00,86.00,1,-1,-1,-1
23,7,187.00,208.00,108.00,127.00,1,-1,-1,-1
23,8,86.00,183.00,99.00,81.00,1,-1,-1,-1
24,1,615.00,273.00,69.00,119.00,1,-1,-1,-1
24,2,553.00,337.00,59.00,92.00,1,-1,-1,-1
24,3,340.00,324.00,182.00,107.00,1,-1,-1,-1
24,4,331.00,140.00,115.00,61.00,1,-1,-1,-1
24,5,344.00,-0.00,131.00,70.00,1,-1,-1,-1
24,6,176.00,125.00,117.00,84.00,1,-1,-1,-1
24,7,187.00,210.00,110.00,125.00,1,-1,-1,-1
24,8,85.00,183.00,105.00,83.00,1,-1,-1,-1
24,9,593.00,413.00,68.00,18.00,1,-1,-1,-1
25,1,628.00,269.00,55.00,122.00,1,-1,-1,-1
25,2,550.00,330.00,62.00,101.00,1,-1,-1,-1
25,3,344.00,322.00,178.00,109.00,1,-1,-1,-1
25,4,333.00,139.00,114.00,61.00,1,-1,-1,-1
25,5,343.00,-0.00,132.00,70.00,1,-1,-1,-1
25,6,177.00,123.00,115.00,84.00,1,-1,-1,-1
25,7,190.00,211.00,105.00,123.00,1,-1,-1,-1
25,8,82.00,186.00,130.00,80.00,1,-1,-1,-1
25,9,596.00,414.00,64.00,17.00,1,-1,-1,-1
26,1,625.00,258.00,56.00,127.00,1,-1,-1,-1
26,2,551.00,325.00,56.00,106.00,1,-1,-1,-1
26,3,340.00,324.00,173.00,107.00,1,-1,-1,-1
26,4,334.00,140.00,114.00,62.00,1,-1,-1,-1
26,5,343.00,-0.00,130.00,71.00,1,-1,-1,-1
26,6,177.00,126.00,115.00,81.00,1,-1,-1,-1
26,7,190.00,217.00,107.00,117.00,1,-1,-1,-1
26,8,107.00,199.00,141.00,62.00,1,-1,-1,-1
26,9,597.00,417.00,62.00,14.00,1,-1,-1,-1
27,1,621.00,254.00,57.00,136.00,1,-1,-1,-1
27,2,549.00,324.00,56.00,107.00,1,-1,-1,-1
27,3,341.00,325.00,173.00,106.00,1,-1,-1,-1
27,4,334.00,138.00,117.00,62.00,1,-1,-1,-1
27,5,342.00,-0.00,131.00,71.00,1,-1,-1,-1
27,6,177.00,126.00,118.00,79.00,1,-1,-1,-1
27,7,205.00,215.00,92.00,106.00,1,-1,-1,-1
27,8,137.00,198.00,132.00,61.00,1,-1,-1,-1
27,9,596.00,398.00,61.00,33.00,1,-1,-1,-1
28,1,625.00,256.00,52.00,131.00,1,-1,-1,-1
28,2,541.00,338.00,65.00,93.00,1,-1,-1,-1
28,3,355.00,336.00,177.00,95.00,1,-1,-1,-1
28,4,339.00,138.00,112.00,63.00,1,-1,-1,-1
28,5,343.00,-0.00,129.00,69.00,1,-1,-1,-1
28,6,178.00,129.00,123.00,76.00,1,-1,-1,-1
28,7,210.00,213.00,86.00,102.00,1,-1,-1,-1
28,8,158.00,202.00,121.00,57.00,1,-1,-1,-1
28,9,599.00,393.00,60.00,38.00,1,-1,-1,-1
29,1,623.00,252.00,53.00,133.00,1,-1,-1,-1
29,2,476.00,211.00,197.00,220.00,1,-1,-1,-1
29,3,358.31,337.56,174.10,93.44,1,-1,-1,-1
29,4,339.00,138.00,113.00,65.00,1,-1,-1,-1
29,5,343.00,-0.00,129.00,69.00,1,-1,-1,-1
29,6,178.00,129.00,117.00,81.00,1,-1,-1,-1
29,7,214.00,213.00,83.00,108.00,1,-1,-1,-1
29,8,173.00,207.00,105.00,49.00,1,-1,-1,-1
29,9,593.17,385.85,71.28,45.15,1,-1,-1,-1
30,1,626.00,252.00,52.00,135.00,1,-1,-1,-1
30,2,507.00,233.00,131.00,85.00,1,-1,-1,-1
30,4,338.00,134.00,111.00,68.00,1,-1,-1,-1
30,5,343.00,-0.00,127.00,69.00,1,-1,-1,-1
30,6,175.00,131.00,120.00,79.00,1,-1,-1,-1
30,7,203.00,222.00,96.00,94.00,1,-1,-1,-1
30,8,173.00,205.00,101.00,52.00,1,-1,-1,-1
31,1,631.00,259.00,48.00,138.00,1,-1,-1,-1
31,2,549.00,224.00,104.00,79.00,1,-1,-1,-1
31,4,341.00,120.00,107.00,75.00,1,-1,-1,-1
31,5,340.00,-0.00,130.00,69.00,1,-1,-1,-1
31,6,173.00,135.00,124.00,75.00,1,-1,-1,-1
31,7,182.00,239.00,115.00,77.00,1,-1,-1,-1
31,8,178.00,202.00,104.00,55.00,1,-1,-1,-1
31,10,603.00,392.00,79.00,39.00,1,-1,-1,-1
31,11,473.00,414.00,101.00,17.00,1,-1,-1,-1
32,1,626.00,264.00,61.00,137.00,1,-1,-1,-1
32,2,557.00,224.00,107.00,75.00,1,-1,-1,-1
32,4,340.00,121.00,109.00,70.00,1,-1,-1,-1
32,5,340.00,-0.00,132.00,70.00,1,-1,-1,-1
32,6,162.00,134.00,143.00,79.00,1,-1,-1,-1
32,7,178.00,247.00,129.00,67.00,1,-1,-1,-1
32,8,181.00,207.00,107.00,45.00,1,-1,-1,-1
32,10,600.00,393.00,65.00,38.00,1,-1,-1,-1
32,11,460.00,417.00,58.00,14.00,1,-1,-1,-1
33,1,625.00,266.00,64.00,133.00,1,-1,-1,-1
33,2,558.00,221.00,114.00,77.00,1,-1,-1,-1
33,4,340.00,120.00,109.00,72.00,1,-1,-1,-1
33,5,340.00,-0.00,132.00,70.00,1,-1,-1,-1
33,6,161.00,116.00,141.00,90.00,1,-1,-1,-1
33,7,172.00,246.00,132.00,78.00,1,-1,-1,-1
33,8,185.00,200.00,103.00,48.00,1,-1,-1,-1
33,9,598.00,386.00,66.00,45.00,1,-1,-1,-1
33,10,590.95,393.98,63.31,37.02,1,-1,-1,-1
33,11,439.00,416.00,70.00,15.00,1,-1,-1,-1
34,1,632.00,260.00,64.00,147.00,1,-1,-1,-1
34,2,557.00,219.00,118.00,82.00,1,-1,-1,-1
34,3,427.00,418.00,72.00,13.00,1,-1,-1,-1
34,4,340.00,122.00,109.00,70.00,1,-1,-1,-1
34,5,343.00,-0.00,131.00,66.00,1,-1,-1,-1
34,6,170.00,106.00,137.00,88.00,1,-1,-1,-1
34,7,172.00,247.00,134.00,70.00,1,-1,-1,-1
34,8,182.00,196.00,111.00,49.00,1,-1,-1,-1
34,9,602.00,356.00,66.00,75.00,1,-1,-1,-1
34,11,417.61,416.61,67.17,14.39,1,-1,-1,-1
35,1,628.00,265.00,67.00,137.00,1,-1,-1,-1
35,2,557.00,216.00,114.00,81.00,1,-1,-1,-1
35,3,430.00,413.00,61.00,18.00,1,-1,-1,-1
35,4,342.00,122.00,105.00,72.00,1,-1,-1,-1
35,5,341.00,-0.00,140.00,71.00,1,-1,-1,-1
35,6,169.00,106.00,137.00,83.00,1,-1,-1,-1
35,7,175.00,248.00,131.00,66.00,1,-1,-1,-1
35,8,184.00,193.00,109.00,53.00,1,-1,-1,-1
35,9,603.00,355.00,66.00,76.00,1,-1,-1,-1
36,1,625.00,265.00,70.00,142.00,1,-1,-1,-1
36,2,551.00,214.00,120.00,83.00,1,-1,-1,-1
36,3,371.00,392.00,102.00,39.00,1,-1,-1,-1
36,4,343.00,124.00,105.00,69.00,1,-1,-1,-1
36,5,341.00,-0.00,141.00,68.00,1,-1,-1,-1
36,6,168.00,105.00,143.00,83.00,1,-1,-1,-1
36,7,174.00,247.00,127.00,67.00,1,-1,-1,-1
36,8,183.00,196.00,110.00,56.00,1,-1,-1,-1
36,9,602.00,355.00,71.00,76.00,1,-1,-1,-1
37,1,628.00,265.00,66.00,146.00,1,-1,-1,-1
37,2,551.00,215.00,125.00,85.00,1,-1,-1,-1
37,3,369.00,390.00,87.00,41.00,1,-1,-1,-1
37,4,343.00,124.00,108.00,71.00,1,-1,-1,-1
37,5,341.00,-0.00,141.00,68.00,1,-1,-1,-1
37,6,169.00,107.00,145.00,74.00,1,-1,-1,-1
37,7,179.00,247.00,122.00,69.00,1,-1,-1,-1
37,8,185.00,196.00,112.00,55.00,1,-1,-1,-1
37,9,607.00,360.00,66.00,71.00,1,-1,-1,-1
38,1,627.00,265.00,67.00,145.00,1,-1,-1,-1
38,2,555.00,216.00,127.00,83.00,1,-1,-1,-1
38,3,336.00,350.00,74.00,81.00,1,-1,-1,-1
38,4,350.00,126.00,101.00,70.00,1,-1,-1,-1
38,5,341.00,-0.00,137.00,70.00,1,-1,-1,-1
38,6,175.00,105.00,139.00,76.00,1,-1,-1,-1
38,7,179.00,249.00,128.00,67.00,1,-1,-1,-1
38,8,185.00,196.00,112.00,53.00,1,-1,-1,-1
38,9,607.00,360.00,65.00,71.00,1,-1,-1,-1
39,1,627.00,267.00,68.00,143.00,1,-1,-1,-1
39,2,553.00,215.00,131.00,84.00,1,-1,-1,-1
39,3,336.00,349.00,73.00,82.00,1,-1,-1,-1
39,4,351.00,127.00,101.00,71.00,1,-1,-1,-1
39,5,343.00,-0.00,135.00,70.00,1,-1,-1,-1
39,6,189.00,115.00,133.00,69.00,1,-1,-1,-1
39,7,178.00,248.00,129.00,63.00,1,-1,-1,-1
39,8,188.00,195.00,107.00,57.00,1,-1,-1,-1
39,9,607.00,360.00,65.00,71.00,1,-1,-1,-1
40,1,627.00,266.00,59.00,156.00,1,-1,-1,-1
40,2,551.00,215.00,135.00,82.00,1,-1,-1,-1
40,3,332.00,306.00,77.00,125.00,1,-1,-1,-1
40,4,352.00,126.00,100.00,72.00,1,-1,-1,-1
40,5,343.00,-0.00,143.00,70.00,1,-1,-1,-1
40,6,191.00,118.00,130.00,68.00,1,-1,-1,-1
40,7,178.00,248.00,129.00,62.00,1,-1,-1,-1
40,8,182.00,196.00,113.00,56.00,1,-1,-1,-1
40,9,607.00,360.00,68.00,71.00,1,-1,-1,-1
41,1,630.00,273.00,55.00,141.00,1,-1,-1,-1
41,2,550.00,216.00,131.00,77.00,1,-1,-1,-1
41,3,335.00,305.00,70.00,126.00,1,-1,-1,-1
41,4,339.00,125.00,118.00,72.00,1,-1,-1,-1
41,5,340.00,-0.00,146.00,70.00,1,-1,-1,-1
41,6,191.00,118.00,131.00,69.00,1,-1,-1,-1
41,7,179.00,248.00,139.00,62.00,1,-1,-1,-1
41,8,184.00,195.00,111.00,57.00,1,-1,-1,-1
41,9,605.00,360.00,67.00,71.00,1,-1,-1,-1
42,1,629.00,272.00,56.00,132.00,1,-1,-1,-1
42,2,549.00,214.00,121.00,81.00,1,-1,-1,-1
42,3,330.00,288.00,57.00,143.00,1,-1,-1,-1
42,4,331.00,127.00,124.00,68.00,1,-1,-1,-1
42,5,340.00,-0.00,145.00,71.00,1,-1,-1,-1
42,6,196.00,118.00,126.00,69.00,1,-1,-1,-1
42,7,179.00,249.00,136.00,61.00,1,-1,-1,-1
42,8,183.00,196.00,112.00,58.00,1,-1,-1,-1
42,9,605.00,360.00,68.00,71.00,1,-1,-1,-1
43,1,627.00,271.00,65.00,140.00,1,-1,-1,-1
43,2,550.00,213.00,117.00,77.00,1,-1,-1,-1
43,3,325.00,282.00,58.00,137.00,1,-1,-1,-1
43,4,331.00,127.00,122.00,67.00,1,-1,-1,-1
43,5,341.00,-0.00,144.00,71.00,1,-1,-1,-1
43,6,195.00,118.00,129.00,69.00,1,-1,-1,-1
43,7,179.00,249.00,136.00,60.00,1,-1,-1,-1
43,8,175.00,195.00,98.00,59.00,1,-1,-1,-1
43,9,607.00,361.00,66.00,70.00,1,-1,-1,-1
44,1,630.00,271.00,61.00,142.00,1,-1,-1,-1
44,2,550.00,211.00,116.00,81.00,1,-1,-1,-1
44,3,319.00,271.00,61.00,148.00,1,-1,-1,-1
44,4,347.00,131.00,108.00,63.00,1,-1,-1,-1
44,5,341.00,-0.00,144.00,70.00,1,-1,-1,-1
44,6,193.00,117.00,131.00,70.00,1,-1,-1,-1
44,7,179.00,249.00,132.00,60.00,1,-1,-1,-1
44,8,166.00,196.00,101.00,66.00,1,-1,-1,-1
44,9,604.00,364.00,71.00,67.00,1,-1,-1,-1
44,12,0.00,158.00,55.00,96.00,1,-1,-1,-1
45,1,630.00,273.00,57.00,140.00,1,-1,-1,-1
45,2,550.00,209.00,118.00,83.00,1,-1,-1,-1
45,3,320.00,272.00,58.00,143.00,1,-1,-1,-1
45,4,343.00,133.00,111.00,57.00,1,-1,-1,-1
45,5,342.00,-0.00,143.00,70.00,1,-1,-1,-1
45,6,192.00,119.00,120.00,61.00,1,-1,-1,-1
45,7,179.00,252.00,132.00,60.00,1,-1,-1,-1
45,8,162.00,193.00,98.00,75.00,1,-1,-1,-1
45,9,607.00,358.00,66.00,73.00,1,-1,-1,-1
45,12,0.00,163.00,78.00,94.00,1,-1,-1,-1
46,1,627.00,266.00,63.00,148.00,1,-1,-1,-1
46,2,549.00,209.00,119.00,81.00,1,-1,-1,-1
46,3,314.00,267.00,65.00,139.00,1,-1,-1,-1
46,4,337.00,134.00,117.00,59.00,1,-1,-1,-1
46,5,342.00,-0.00,156.00,69.00,1,-1,-1,-1
46,6,188.00,116.00,124.00,69.00,1,-1,-1,-1
46,7,176.00,255.00,132.00,62.00,1,-1,-1,-1
46,8,162.00,192.00,96.00,75.00,1,-1,-1,-1
46,9,607.00,358.00,66.00,73.00,1,-1,-1,-1
46,12,4.00,178.00,95.00,117.00,1,-1,-1,-1
47,1,627.00,272.00,65.00,142.00,1,-1,-1,-1
47,2,549.00,205.00,120.00,85.00,1,-1,-1,-1
47,3,313.00,265.00,66.00,142.00,1,-1,-1,-1
47,4,337.00,134.00,114.00,60.00,1,-1,-1,-1
47,5,342.00,-0.00,158.00,70.00,1,-1,-1,-1
47,6,187.00,116.00,124.00,67.00,1,-1,-1,-1
47,7,174.00,255.00,134.00,61.00,1,-1,-1,-1
47,8,161.00,196.00,118.00,68.00,1,-1,-1,-1
47,9,605.00,368.00,67.00,63.00,1,-1,-1,-1
47,12,12.00,207.00,102.00,92.00,1,-1,-1,-1
48,1,628.00,271.00,71.00,132.00,1,-1,-1,-1
48,2,551.00,208.00,122.00,80.00,1,-1,-1,-1
48,3,313.00,265.00,63.00,141.00,1,-1,-1,-1
48,4,344.00,139.00,111.00,54.00,1,-1,-1,-1
48,5,342.00,-0.00,162.00,72.00,1,-1,-1,-1
48,6,189.00,117.00,122.00,69.00,1,-1,-1,-1
48,7,174.00,255.00,133.00,61.00,1,-1,-1,-1
48,8,161.00,196.00,124.00,64.00,1,-1,-1,-1
48,9,600.00,352.00,73.00,79.00,1,-1,-1,-1
48,12,28.00,234.00,116.00,90.00,1,-1,-1,-1
49,1,628.00,272.00,72.00,131.00,1,-1,-1,-1
49,2,551.00,210.00,130.00,78.00,1,-1,-1,-1
49,3,313.00,268.00,63.00,138.00,1,-1,-1,-1
49,4,345.00,140.00,108.00,58.00,1,-1,-1,-1
49,5,340.00,-0.00,164.00,72.00,1,-1,-1,-1
49,6,187.00,118.00,122.00,73.00,1,-1,-1,-1
49,7,174.00,255.00,133.00,64.00,1,-1,-1,-1
49,8,170.00,195.00,116.00,57.00,1,-1,-1,-1
49,9,586.00,329.00,79.00,102.00,1,-1,-1,-1
49,12,31.00,240.00,128.00,86.00,1,-1,-1,-1
50,1,631.00,272.00,69.00,127.00,1,-1,-1,-1
50,2,548.00,208.00,137.00,77.00,1,-1,-1,-1
50,3,316.00,269.00,61.00,136.00,1,-1,-1,-1
50,4,349.00,141.00,104.00,54.00,1,-1,-1,-1
50,5,340.00,-0.00,164.00,70.00,1,-1,-1,-1
50,6,188.00,118.00,121.00,73.00,1,-1,-1,-1
50,7,173.00,258.00,135.00,61.00,1,-1,-1,-1
50,8,192.00,193.00,106.00,75.00,1,-1,-1,-1
50,9,585.00,334.00,67.00,97.00,1,-1,-1,-1
50,12,40.00,242.00,114.00,122.00,1,-1,-1,-1
51,1,631.00,273.00,71.00,126.00,1,-1,-1,-1
51,2,548.00,205.00,137.00,80.00,1,-1,-1,-1
51,3,317.00,263.00,60.00,143.00,1,-1,-1,-1
51,4,349.00,141.00,102.00,54.00,1,-1,-1,-1
51,5,344.00,-0.00,126.00,70.00,1,-1,-1,-1
51,6,187.00,118.00,122.00,71.00,1,-1,-1,-1
51,7,173.00,258.00,134.00,63.00,1,-1,-1,-1
51,8,202.00,191.00,95.00,78.00,1,-1,-1,-1
51,9,574.00,324.00,75.00,107.00,1,-1,-1,-1
51,12,71.00,248.00,90.00,137.00,1,-1,-1,-1
52,1,629.00,273.00,73.00,128.00,1,-1,-1,-1
52,2,546.00,205.00,139.00,84.00,1,-1,-1,-1
52,3,318.00,267.00,62.00,141.00,1,-1,-1,-1
52,4,347.00,140.00,105.00,56.00,1,-1,-1,-1
52,5,344.00,-0.00,122.00,71.00,1,-1,-1,-1
52,6,186.00,117.00,132.00,72.00,1,-1,-1,-1
52,7,173.00,259.00,136.00,62.00,1,-1,-1,-1
52,8,202.00,191.00,94.00,75.00,1,-1,-1,-1
52,9,571.00,301.00,73.00,130.00,1,-1,-1,-1
52,12,80.00,258.00,92.00,124.00,1,-1,-1,-1
53,1,628.00,262.00,56.00,140.00,1,-1,-1,-1
53,2,547.00,212.00,133.00,73.00,1,-1,-1,-1
53,3,316.00,268.00,63.00,143.00,1,-1,-1,-1
53,4,339.00,138.00,112.00,57.00,1,-1,-1,-1
53,5,344.00,-0.00,126.00,69.00,1,-1,-1,-1
53,6,190.00,118.00,123.00,70.00,1,-1,-1,-1
53,7,176.00,258.00,131.00,63.00,1,-1,-1,-1
53,8,197.00,191.00,95.00,65.00,1,-1,-1,-1
53,9,565.00,300.00,71.00,131.00,1,-1,-1,-1
53,12,89.00,287.00,92.00,136.00,1,-1,-1,-1
54,1,629.00,262.00,58.00,143.00,1,-1,-1,-1
54,2,550.00,210.00,127.00,78.00,1,-1,-1,-1
54,3,316.00,268.00,62.00,145.00,1,-1,-1,-1
54,4,344.00,142.00,108.00,53.00,1,-1,-1,-1
54,5,344.00,-0.00,125.00,69.00,1,-1,-1,-1
54,6,190.00,116.00,123.00,72.00,1,-1,-1,-1
54,7,176.00,254.00,134.00,67.00,1,-1,-1,-1
54,8,195.00,190.00,98.00,66.00,1,-1,-1,-1
54,9,561.00,291.00,65.00,140.00,1,-1,-1,-1
54,12,101.00,297.00,82.00,134.00,1,-1,-1,-1
55,1,629.00,260.00,55.00,145.00,1,-1,-1,-1
55,2,540.00,209.00,126.00,79.00,1,-1,-1,-1
55,3,318.00,271.00,60.00,142.00,1,-1,-1,-1
55,4,337.00,138.00,115.00,57.00,1,-1,-1,-1
55,5,341.00,-0.00,128.00,69.00,1,-1,-1,-1
55,6,190.00,116.00,125.00,73.00,1,-1,-1,-1
55,7,172.00,253.00,139.00,67.00,1,-1,-1,-1
55,8,191.00,193.00,102.00,64.00,1,-1,-1,-1
55,9,559.00,292.00,64.00,139.00,1,-1,-1,-1
55,12,115.00,297.00,68.00,134.00,1,-1,-1,-1
56,1,633.00,261.00,52.00,138.00,1,-1,-1,-1
56,2,544.00,209.00,122.00,78.00,1,-1,-1,-1
56,3,317.00,269.00,59.00,143.00,1,-1,-1,-1
56,4,338.00,139.00,112.00,57.00,1,-1,-1,-1
56,5,341.00,-0.00,127.00,72.00,1,-1,-1,-1
56,6,192.00,117.00,124.00,70.00,1,-1,-1,-1
56,7,172.00,255.00,143.00,65.00,1,-1,-1,-1
56,8,191.00,193.00,105.00,66.00,1,-1,-1,-1
56,9,560.00,289.00,63.00,142.00,1,-1,-1,-1
56,12,113.00,306.00,70.00,125.00,1,-1,-1,-1
57,1,633.00,259.00,53.00,140.00,1,-1,-1,-1
57,2,544.00,206.00,121.00,81.00,1,-1,-1,-1
57,3,316.00,271.00,62.00,140.00,1,-1,-1,-1
57,4,337.00,138.00,109.00,57.00,1,-1,-1,-1
57,5,341.00,-0.00,127.00,72.00,1,-1,-1,-1
57,6,192.00,117.00,132.00,71.00,1,-1,-1,-1
57,7,175.00,255.00,131.00,66.00,1,-1,-1,-1
57,8,189.00,196.00,107.00,63.00,1,-1,-1,-1
57,9,544.00,297.00,77.00,126.00,1,-1,-1,-1
57,12,116.00,341.00,61.00,90.00,1,-1,-1,-1
58,1,630.00,264.00,58.00,135.00,1,-1,-1,-1
58,2,544.00,206.00,121.00,89.00,1,-1,-1,-1
58,3,317.00,271.00,58.00,142.00,1,-1,-1,-1
58,4,325.00,140.00,122.00,58.00,1,-1,-1,-1
58,5,341.00,-0.00,128.00,68.00,1,-1,-1,-1
58,6,192.00,117.00,132.00,71.00,1,-1,-1,-1
58,7,176.00,256.00,124.00,64.00,1,-1,-1,-1
58,8,189.00,195.00,105.00,64.00,1,-1,-1,-1
58,9,480.00,275.00,113.00,117.00,1,-1,-1,-1
58,12,115.00,350.00,65.00,81.00,1,-1,-1,-1
59,1,630.00,264.00,59.00,135.00,1,-1,-1,-1
59,2,548.00,209.00,120.00,83.00,1,-1,-1,-1
59,3,316.00,266.00,59.00,147.00,1,-1,-1,-1
59,4,325.00,140.00,121.00,55.00,1,-1,-1,-1
59,5,340.00,-0.00,129.00,68.00,1,-1,-1,-1
59,6,192.00,117.00,129.00,78.00,1,-1,-1,-1
59,7,179.00,254.00,120.00,67.00,1,-1,-1,-1
59,8,184.00,195.00,110.00,64.00,1,-1,-1,-1
59,9,478.00,272.00,93.00,104.00,1,-1,-1,-1
59,12,115.00,360.00,66.00,71.00,1,-1,-1,-1
60,1,629.00,262.00,61.00,143.00,1,-1,-1,-1
60,2,552.00,209.00,116.00,84.00,1,-1,-1,-1
60,3,318.00,269.00,54.00,144.00,1,-1,-1,-1
60,4,335.00,142.00,111.00,53.00,1,-1,-1,-1
60,5,340.00,-0.00,133.00,71.00,1,-1,-1,-1
60,6,194.00,118.00,127.00,77.00,1,-1,-1,-1
60,7,179.00,238.00,123.00,83.00,1,-1,-1,-1
60,8,187.00,192.00,95.00,75.00,1,-1,-1,-1
60,9,439.00,245.00,112.00,100.00,1,-1,-1,-1
60,12,109.00,360.00,69.00,71.00,1,-1,-1,-1
61,1,629.00,264.00,60.00,141.00,1,-1,-1,-1
61,2,552.00,209.00,117.00,84.00,1,-1,-1,-1
61,3,318.00,268.00,54.00,145.00,1,-1,-1,-1
61,4,335.00,142.00,115.00,55.00,1,-1,-1,-1
61,5,340.00,1.00,133.00,70.00,1,-1,-1,-1
61,6,194.00,119.00,131.00,67.00,1,-1,-1,-1
61,7,181.00,237.00,121.00,80.00,1,-1,-1,-1
61,8,175.00,181.00,95.00,84.00,1,-1,-1,-1
61,9,428.00,236.00,112.00,89.00,1,-1,-1,-1
61,12,109.00,363.00,62.00,68.00,1,-1,-1,-1
62,1,630.00,264.00,59.00,138.00,1,-1,-1,-1
62,2,550.00,209.00,119.00,84.00,1,-1,-1,-1
62,3,318.00,268.00,55.00,144.00,1,-1,-1,-1
62,4,338.00,143.00,108.00,51.00,1,-1,-1,-1
62,5,340.00,1.00,133.00,67.00,1,-1,-1,-1
62,6,193.00,119.00,131.00,67.00,1,-1,-1,-1
62,7,181.00,237.00,117.00,80.00,1,-1,-1,-1
62,8,170.00,179.00,91.00,84.00,1,-1,-1,-1
62,9,403.00,223.00,123.00,83.00,1,-1,-1,-1
62,12,106.00,365.00,65.00,66.00,1,-1,-1,-1
63,1,630.00,264.00,60.00,138.00,1,-1,-1,-1
63,2,550.00,205.00,113.00,88.00,1,-1,-1,-1
63,3,317.00,269.00,56.00,143.00,1,-1,-1,-1
63,4,337.00,140.00,113.00,58.00,1,-1,-1,-1
63,5,339.00,0.00,134.00,68.00,1,-1,-1,-1
63,6,188.00,118.00,138.00,68.00,1,-1,-1,-1
63,7,179.00,237.00,118.00,81.00,1,-1,-1,-1
63,8,161.00,174.00,94.00,91.00,1,-1,-1,-1
63,9,391.00,220.00,114.00,71.00,1,-1,-1,-1
63,12,106.00,364.00,69.00,67.00,1,-1,-1,-1
64,1,633.00,264.00,57.00,137.00,1,-1,-1,-1
64,2,549.00,205.00,115.00,83.00,1,-1,-1,-1
64,3,318.00,272.00,52.00,139.00,1,-1,-1,-1
64,4,336.00,142.00,113.00,56.00,1,-1,-1,-1
64,5,340.00,-0.00,132.00,67.00,1,-1,-1,-1
64,6,187.00,118.00,133.00,69.00,1,-1,-1,-1
64,7,179.00,238.00,118.00,80.00,1,-1,-1,-1
64,8,153.00,167.00,95.00,95.00,1,-1,-1,-1
64,9,394.00,210.00,109.00,75.00,1,-1,-1,-1
64,12,109.00,364.00,66.00,67.00,1,-1,-1,-1
65,1,633.00,268.00,56.00,133.00,1,-1,-1,-1
65,2,552.00,207.00,108.00,74.00,1,-1,-1,-1
65,3,317.00,286.00,58.00,124.00,1,-1,-1,-1
65,4,337.00,141.00,112.00,58.00,1,-1,-1,-1
65,5,340.00,-0.00,128.00,70.00,1,-1,-1,-1
65,6,194.00,120.00,127.00,67.00,1,-1,-1,-1
65,7,180.00,237.00,123.00,84.00,1,-1,-1,-1
65,8,154.00,158.00,85.00,120.00,1,-1,-1,-1
65,9,395.00,214.00,113.00,66.00,1,-1,-1,-1
65,12,109.00,365.00,67.00,66.00,1,-1,-1,-1
66,1,630.00,268.00,55.00,132.00,1,-1,-1,-1
66,2,550.00,207.00,110.00,77.00,1,-1,-1,-1
66,3,317.00,286.00,60.00,128.00,1,-1,-1,-1
66,4,339.00,137.00,112.00,59.00,1,-1,-1,-1
66,5,342.00,-0.00,126.00,70.00,1,-1,-1,-1
66,6,191.00,119.00,130.00,71.00,1,-1,-1,-1
66,7,180.00,233.00,114.00,88.00,1,-1,-1,-1
66,8,170.00,154.00,55.00,124.00,1,-1,-1,-1
66,9,395.00,217.00,111.00,61.00,1,-1,-1,-1
66,12,108.00,365.00,68.00,66.00,1,-1,-1,-1
67,1,629.00,258.00,53.00,144.00,1,-1,-1,-1
67,2,550.00,206.00,105.00,78.00,1,-1,-1,-1
67,3,299.00,302.00,80.00,111.00,1,-1,-1,-1
67,4,339.00,136.00,111.00,59.00,1,-1,-1,-1
67,5,342.00,-0.00,140.00,71.00,1,-1,-1,-1
67,6,189.00,121.00,128.00,69.00,1,-1,-1,-1
67,7,177.00,239.00,117.00,79.00,1,-1,-1,-1
67,8,170.00,177.00,57.00,133.00,1,-1,-1,-1
67,9,397.00,216.00,111.00,60.00,1,-1,-1,-1
67,12,108.00,362.00,67.00,69.00,1,-1,-1,-1
68,1,631.00,275.00,59.00,127.00,1,-1,-1,-1
68,2,550.00,205.00,105.00,80.00,1,-1,-1,-1
68,3,290.00,300.00,91.00,100.00,1,-1,-1,-1
68,4,339.00,136.00,111.00,58.00,1,-1,-1,-1
68,5,343.00,-0.00,139.00,71.00,1,-1,-1,-1
68,6,191.00,118.00,128.00,72.00,1,-1,-1,-1
68,7,177.00,239.00,114.00,79.00,1,-1,-1,-1
68,8,168.00,196.00,58.00,118.00,1,-1,-1,-1
68,9,397.00,216.00,110.00,60.00,1,-1,-1,-1
68,12,109.00,362.00,66.00,69.00,1,-1,-1,-1
69,1,627.00,274.00,62.00,127.00,1,-1,-1,-1
69,2,550.00,204.00,101.00,81.00,1,-1,-1,-1
69,3,277.00,308.00,109.00,68.00,1,-1,-1,-1
69,4,339.00,136.00,113.00,57.00,1,-1,-1,-1
69,5,343.00,-0.00,138.00,70.00,1,-1,-1,-1
69,6,200.00,112.00,121.00,83.00,1,-1,-1,-1
69,7,175.00,241.00,121.00,81.00,1,-1,-1,-1
69,8,163.00,203.00,58.00,149.00,1,-1,-1,-1
69,9,397.00,216.00,109.00,61.00,1,-1,-1,-1
69,12,109.00,362.00,68.00,69.00,1,-1,-1,-1
70,1,623.00,275.00,65.00,120.00,1,-1,-1,-1
70,2,553.00,205.00,98.00,69.00,1,-1,-1,-1
70,3,250.00,306.00,115.00,58.00,1,-1,-1,-1
70,4,342.00,135.00,110.00,60.00,1,-1,-1,-1
70,5,341.00,-0.00,139.00,69.00,1,-1,-1,-1
70,6,198.00,102.00,123.00,90.00,1,-1,-1,-1
70,7,175.00,233.00,120.00,89.00,1,-1,-1,-1
70,8,156.00,241.00,53.00,151.00,1,-1,-1,-1
70,9,396.00,216.00,110.00,61.00,1,-1,-1,-1
70,12,110.00,362.00,67.00,69.00,1,-1,-1,-1
71,1,622.00,278.00,67.00,118.00,1,-1,-1,-1
71,2,551.00,205.00,92.00,68.00,1,-1,-1,-1
71,3,254.00,307.00,102.00,60.00,1,-1,-1,-1
71,4,342.00,132.00,112.00,60.00,1,-1,-1,-1
71,5,341.00,-0.00,137.00,68.00,1,-1,-1,-1
71,6,199.00,90.00,124.00,92.00,1,-1,-1,-1
71,7,173.00,233.00,122.00,90.00,1,-1,-1,-1
71,8,160.00,256.00,54.00,140.00,1,-1,-1,-1
71,9,396.00,216.00,111.00,59.00,1,-1,-1,-1
71,12,110.00,362.00,65.00,69.00,1,-1,-1,-1
72,1,608.00,277.00,81.00,122.00,1,-1,-1,-1
72,2,555.00,205.00,88.00,65.00,1,-1,-1,-1
72,3,264.00,301.00,89.00,72.00,1,-1,-1,-1
72,4,342.00,133.00,112.00,60.00,1,-1,-1,-1
72,5,339.00,-0.00,138.00,68.00,1,-1,-1,-1
72,6,203.00,84.00,115.00,97.00,1,-1,-1,-1
72,7,173.00,233.00,124.00,90.00,1,-1,-1,-1
72,8,179.00,291.00,51.00,140.00,1,-1,-1,-1
72,9,399.00,215.00,110.00,61.00,1,-1,-1,-1
72,12,108.00,362.00,67.00,69.00,1,-1,-1,-1
73,1,608.00,276.00,81.00,123.00,1,-1,-1,-1
73,2,548.00,206.00,95.00,67.00,1,-1,-1,-1
73,3,269.00,309.00,83.00,69.00,1,-1,-1,-1
73,4,346.00,130.00,101.00,68.00,1,-1,-1,-1
73,5,339.00,-0.00,138.00,70.00,1,-1,-1,-1
73,6,201.00,71.00,123.00,108.00,1,-1,-1,-1
73,7,178.00,237.00,121.00,86.00,1,-1,-1,-1
73,8,180.00,317.00,50.00,114.00,1,-1,-1,-1
73,9,398.00,213.00,113.00,64.00,1,-1,-1,-1
73,12,108.00,357.00,69.00,74.00,1,-1,-1,-1
74,1,608.00,276.00,81.00,122.00,1,-1,-1,-1
74,2,546.00,206.00,97.00,69.00,1,-1,-1,-1
74,3,258.00,310.00,96.00,64.00,1,-1,-1,-1
74,4,344.00,133.00,106.00,60.00,1,-1,-1,-1
74,5,339.00,-0.00,138.00,70.00,1,-1,-1,-1
74,6,201.00,77.00,126.00,98.00,1,-1,-1,-1
74,7,178.00,240.00,118.00,83.00,1,-1,-1,-1
74,8,176.00,346.00,53.00,85.00,1,-1,-1,-1
74,9,395.00,213.00,116.00,64.00,1,-1,-1,-1
74,12,99.00,362.00,76.00,69.00,1,-1,-1,-1
75,1,599.00,283.00,95.00,115.00,1,-1,-1,-1
75,2,546.00,204.00,96.00,71.00,1,-1,-1,-1
75,3,260.00,313.00,94.00,57.00,1,-1,-1,-1
75,4,343.00,139.00,108.00,56.00,1,-1,-1,-1
75,5,339.00,-0.00,141.00,68.00,1,-1,-1,-1
75,6,215.00,72.00,112.00,106.00,1,-1,-1,-1
75,7,181.00,243.00,110.00,79.00,1,-1,-1,-1
75,8,174.00,365.00,55.00,66.00,1,-1,-1,-1
75,9,399.00,214.00,111.00,65.00,1,-1,-1,-1
75,12,87.00,391.00,74.00,40.00,1,-1,-1,-1
76,1,607.00,281.00,87.00,122.00,1,-1,-1,-1
76,2,552.00,207.00,93.00,68.00,1,-1,-1,-1
76,3,257.00,317.00,100.00,58.00,1,-1,-1,-1
76,4,343.00,138.00,105.00,64.00,1,-1,-1,-1
76,5,340.00,-0.00,140.00,68.00,1,-1,-1,-1
76,6,247.00,64.00,122.00,113.00,1,-1,-1,-1
76,7,181.00,242.00,113.00,80.00,1,-1,-1,-1
76,8,174.00,365.00,56.00,66.00,1,-1,-1,-1
76,9,401.00,213.00,110.00,66.00,1,-1,-1,-1
76,12,76.00,394.00,84.00,37.00,1,-1,-1,-1
77,1,623.00,278.00,70.00,123.00,1,-1,-1,-1
77,2,551.00,209.00,94.00,64.00,1,-1,-1,-1
77,3,257.00,318.00,100.00,58.00,1,-1,-1,-1
77,4,331.00,144.00,115.00,58.00,1,-1,-1,-1
77,5,340.00,-0.00,140.00,71.00,1,-1,-1,-1
77,6,261.00,63.00,109.00,105.00,1,-1,-1,-1
77,7,177.00,243.00,129.00,77.00,1,-1,-1,-1
77,8,163.00,366.00,65.00,65.00,1,-1,-1,-1
77,9,401.00,213.00,110.00,64.00,1,-1,-1,-1
77,12,76.00,406.00,66.00,25.00,1,-1,-1,-1
78,1,625.00,277.00,65.00,125.00,1,-1,-1,-1
78,2,545.00,209.00,100.00,71.00,1,-1,-1,-1
78,3,245.00,321.00,111.00,58.00,1,-1,-1,-1
78,4,336.00,140.00,111.00,63.00,1,-1,-1,-1
78,5,341.00,-0.00,139.00,70.00,1,-1,-1,-1
78,6,267.00,52.00,114.00,95.00,1,-1,-1,-1
78,7,177.00,245.00,123.00,75.00,1,-1,-1,-1
78,8,163.00,393.00,63.00,38.00,1,-1,-1,-1
78,9,400.00,222.00,111.00,56.00,1,-1,-1,-1
78,12,64.00,413.00,66.00,18.00,1,-1,-1,-1
79,1,625.00,273.00,65.00,126.00,1,-1,-1,-1
79,2,545.00,207.00,102.00,73.00,1,-1,-1,-1
79,3,244.00,320.00,113.00,69.00,1,-1,-1,-1
79,4,334.00,146.00,108.00,55.00,1,-1,-1,-1
79,5,341.00,-0.00,141.00,65.00,1,-1,-1,-1
79,6,291.00,34.00,104.00,91.00,1,-1,-1,-1
79,7,178.00,247.00,125.00,73.00,1,-1,-1,-1
79,8,159.00,404.00,58.00,27.00,1,-1,-1,-1
79,9,400.00,222.00,110.00,56.00,1,-1,-1,-1
79,12,65.00,418.00,56.00,13.00,1,-1,-1,-1
80,1,627.00,270.00,63.00,127.00,1,-1,-1,-1
80,2,543.00,207.00,104.00,77.00,1,-1,-1,-1
80,3,225.00,322.00,120.00,63.00,1,-1,-1,-1
80,4,334.00,146.00,106.00,55.00,1,-1,-1,-1
80,5,339.00,-0.00,143.00,65.00,1,-1,-1,-1
80,6,297.00,34.00,101.00,80.00,1,-1,-1,-1
80,7,178.00,249.00,127.00,71.00,1,-1,-1,-1
80,8,160.00,408.00,58.00,23.00,1,-1,-1,-1
80,9,396.00,216.00,116.00,64.00,1,-1,-1,-1
80,12,58.00,419.00,58.00,12.00,1,-1,-1,-1
81,1,627.00,272.00,62.00,121.00,1,-1,-1,-1
81,2,543.00,209.00,112.00,75.00,1,-1,-1,-1
81,3,187.00,319.00,128.00,65.00,1,-1,-1,-1
81,4,336.00,147.00,104.00,54.00,1,-1,-1,-1
81,5,339.00,-0.00,158.00,69.00,1,-1,-1,-1
81,6,325.00,34.00,84.00,74.00,1,-1,-1,-1
81,7,175.00,245.00,129.00,75.00,1,-1,-1,-1
81,8,159.00,414.00,59.00,17.00,1,-1,-1,-1
81,9,396.00,219.00,115.00,60.00,1,-1,-1,-1
81,12,58.00,412.00,55.00,19.00,1,-1,-1,-1
82,1,626.00,265.00,63.00,128.00,1,-1,-1,-1
82,2,541.00,209.00,114.00,83.00,1,-1,-1,-1
82,3,187.00,319.00,112.00,63.00,1,-1,-1,-1
82,4,336.00,147.00,104.00,59.00,1,-1,-1,-1
82,5,342.00,-0.00,156.00,68.00,1,-1,-1,-1
82,6,337.00,45.00,72.00,61.00,1,-1,-1,-1
82,7,176.00,242.00,127.00,78.00,1,-1,-1,-1
82,8,159.00,410.00,65.00,21.00,1,-1,-1,-1
82,9,396.00,218.00,115.00,60.00,1,-1,-1,-1
82,12,41.00,418.00,62.00,13.00,1,-1,-1,-1
83,1,626.00,265.00,62.00,126.00,1,-1,-1,-1
83,2,541.00,208.00,122.00,84.00,1,-1,-1,-1
83,3,148.00,300.00,118.00,84.00,1,-1,-1,-1
83,4,335.00,144.00,102.00,58.00,1,-1,-1,-1
83,5,342.00,-0.00,159.00,68.00,1,-1,-1,-1
83,6,342.00,46.00,98.00,61.00,1,-1,-1,-1
83,7,176.00,234.00,119.00,85.00,1,-1,-1,-1
83,8,154.00,410.00,69.00,21.00,1,-1,-1,-1
83,9,396.00,218.00,115.00,61.00,1,-1,-1,-1
83,12,-0.00,415.00,74.00,16.00,1,-1,-1,-1
84,1,626.00,267.00,61.00,126.00,1,-1,-1,-1
84,2,550.00,208.00,113.00,89.00,1,-1,-1,-1
84,3,145.00,294.00,96.00,85.00,1,-1,-1,-1
84,4,335.00,144.00,109.00,63.00,1,-1,-1,-1
84,5,340.00,-0.00,161.00,68.00,1,-1,-1,-1
84,6,355.00,50.00,91.00,52.00,1,-1,-1,-1
84,7,175.00,216.00,113.00,105.00,1,-1,-1,-1
84,8,139.00,416.00,68.00,15.00,1,-1,-1,-1
84,9,396.00,219.00,115.00,60.00,1,-1,-1,-1
84,12,-0.00,410.00,70.00,21.00,1,-1,-1,-1
85,1,626.00,267.00,61.00,127.00,1,-1,-1,-1
85,2,550.00,210.00,114.00,87.00,1,-1,-1,-1
85,3,113.00,251.00,111.00,101.00,1,-1,-1,-1
85,4,335.00,145.00,113.00,60.00,1,-1,-1,-1
85,5,340.00,-0.00,162.00,67.00,1,-1,-1,-1
85,6,361.00,47.00,85.00,39.00,1,-1,-1,-1
85,7,182.00,204.00,105.00,124.00,1,-1,-1,-1
85,8,124.00,411.00,84.00,20.00,1,-1,-1,-1
85,9,398.00,218.00,115.00,61.00,1,-1,-1,-1
85,12,0.00,414.00,67.00,17.00,1,-1,-1,-1
86,1,626.00,279.00,60.00,115.00,1,-1,-1,-1
86,2,550.00,203.00,99.00,92.00,1,-1,-1,-1
86,3,114.00,249.00,92.00,98.00,1,-1,-1,-1
86,4,335.00,143.00,113.00,57.00,1,-1,-1,-1
86,5,339.00,-0.00,163.00,67.00,1,-1,-1,-1
86,6,376.25,46.27,71.65,32.87,1,-1,-1,-1
86,7,182.00,207.00,104.00,121.00,1,-1,-1,-1
86,8,124.00,408.00,82.00,23.00,1,-1,-1,-1
86,9,402.00,216.00,111.00,63.00,1,-1,-1,-1
86,12,-0.00,418.00,49.00,13.00,1,-1,-1,-1
87,1,628.00,268.00,54.00,128.00,1,-1,-1,-1
87,2,550.00,202.00,102.00,93.00,1,-1,-1,-1
87,3,75.00,204.00,110.00,119.00,1,-1,-1,-1
87,4,338.00,140.00,113.00,61.00,1,-1,-1,-1
87,5,339.00,-0.00,166.00,69.00,1,-1,-1,-1
87,7,181.00,207.00,105.00,122.00,1,-1,-1,-1
87,8,118.00,410.00,67.00,21.00,1,-1,-1,-1
87,9,398.00,215.00,112.00,65.00,1,-1,-1,-1
87,12,-0.00,400.00,53.00,31.00,1,-1,-1,-1
88,1,628.00,265.00,56.00,131.00,1,-1,-1,-1
88,2,555.00,202.00,96.00,96.00,1,-1,-1,-1
88,3,75.00,200.00,88.00,96.00,1,-1,-1,-1
88,4,337.00,138.00,113.00,63.00,1,-1,-1,-1
88,5,340.00,-0.00,165.00,69.00,1,-1,-1,-1
88,7,207.00,185.00,78.00,136.00,1,-1,-1,-1
88,8,114.00,411.00,71.00,20.00,1,-1,-1,-1
88,9,399.00,215.00,112.00,66.00,1,-1,-1,-1
88,12,-0.00,376.00,59.00,55.00,1,-1,-1,-1
89,1,626.00,258.00,57.00,137.00,1,-1,-1,-1
89,2,555.00,202.00,96.00,96.00,1,-1,-1,-1
89,3,43.00,151.00,101.00,119.00,1,-1,-1,-1
89,4,341.00,137.00,113.00,65.00,1,-1,-1,-1
89,5,343.00,1.00,132.00,71.00,1,-1,-1,-1
89,7,213.00,134.00,84.00,134.00,1,-1,-1,-1
89,8,110.00,411.00,68.00,20.00,1,-1,-1,-1
89,9,391.00,219.00,118.00,59.00,1,-1,-1,-1
89,12,1.00,368.00,68.00,63.00,1,-1,-1,-1
90,1,626.00,266.00,61.00,128.00,1,-1,-1,-1
90,2,558.00,195.00,91.00,106.00,1,-1,-1,-1
90,3,42.00,151.00,95.00,110.00,1,-1,-1,-1
90,4,342.00,138.00,107.00,63.00,1,-1,-1,-1
90,5,344.00,0.00,132.00,71.00,1,-1,-1,-1
90,7,202.00,109.00,99.00,116.00,1,-1,-1,-1
90,8,97.00,414.00,61.00,17.00,1,-1,-1,-1
90,9,387.00,217.00,123.00,62.00,1,-1,-1,-1
90,12,3.00,370.00,66.00,61.00,1,-1,-1,-1
91,1,624.00,262.00,63.00,135.00,1,-1,-1,-1
91,2,558.00,194.00,93.00,107.00,1,-1,-1,-1
91,3,0.00,128.00,112.00,108.00,1,-1,-1,-1
91,4,340.00,138.00,112.00,62.00,1,-1,-1,-1
91,5,344.00,-0.00,131.00,67.00,1,-1,-1,-1
91,7,207.00,108.00,97.00,92.00,1,-1,-1,-1
91,8,91.76,414.62,59.07,16.46,1,-1,-1,-1
91,9,388.00,218.00,121.00,63.00,1,-1,-1,-1
91,12,6.00,369.00,64.00,62.00,1,-1,-1,-1
92,1,624.00,263.00,61.00,134.00,1,-1,-1,-1
92,2,561.00,195.00,96.00,103.00,1,-1,-1,-1
92,3,0.00,128.00,93.00,80.00,1,-1,-1,-1
92,4,343.00,137.00,107.00,62.00,1,-1,-1,-1
92,5,337.00,-0.00,139.00,67.00,1,-1,-1,-1
92,7,233.00,101.00,102.00,76.00,1,-1,-1,-1
92,9,398.00,216.00,111.00,68.00,1,-1,-1,-1
92,12,6.00,367.00,64.00,64.00,1,-1,-1,-1
93,1,625.00,265.00,61.00,130.00,1,-1,-1,-1
93,2,560.00,194.00,99.00,88.00,1,-1,-1,-1
93,3,-0.00,97.00,74.00,89.00,1,-1,-1,-1
93,4,348.00,140.00,103.00,62.00,1,-1,-1,-1
93,5,337.00,-0.00,141.00,71.00,1,-1,-1,-1
93,7,240.00,95.00,105.00,63.00,1,-1,-1,-1
93,9,432.00,210.00,75.00,82.00,1,-1,-1,-1
93,12,6.00,367.00,64.00,64.00,1,-1,-1,-1
94,1,626.00,265.00,60.00,136.00,1,-1,-1,-1
94,2,572.00,199.00,90.00,86.00,1,-1,-1,-1
94,3,-0.00,94.00,64.00,86.00,1,-1,-1,-1
94,4,348.00,140.00,102.00,65.00,1,-1,-1,-1
94,5,339.00,-0.00,141.00,70.00,1,-1,-1,-1
94,7,247.00,91.00,109.00,60.00,1,-1,-1,-1
94,9,431.00,210.00,71.00,95.00,1,-1,-1,-1
94,12,3.00,359.00,67.00,72.00,1,-1,-1,-1
95,1,618.00,269.00,66.00,130.00,1,-1,-1,-1
95,2,572.00,201.00,93.00,84.00,1,-1,-1,-1
95,3,-0.00,78.00,47.00,90.00,1,-1,-1,-1
95,4,350.00,141.00,100.00,64.00,1,-1,-1,-1
95,5,339.00,-0.00,143.00,70.00,1,-1,-1,-1
95,7,248.00,86.00,108.00,65.00,1,-1,-1,-1
95,9,433.00,196.00,70.00,119.00,1,-1,-1,-1
95,12,0.00,362.00,67.00,69.00,1,-1,-1,-1
96,1,615.00,272.00,71.00,126.00,1,-1,-1,-1
96,2,574.00,202.00,90.00,84.00,1,-1,-1,-1
96,3,-0.00,82.00,31.00,69.00,1,-1,-1,-1
96,4,350.00,141.00,99.00,66.00,1,-1,-1,-1
96,5,339.00,-0.00,143.00,70.00,1,-1,-1,-1
96,7,248.00,86.00,101.00,57.00,1,-1,-1,-1
96,9,449.00,192.00,57.00,132.00,1,-1,-1,-1
96,12,0.00,362.00,68.00,69.00,1,-1,-1,-1
97,1,602.00,272.00,80.00,130.00,1,-1,-1,-1
97,2,574.00,202.00,90.00,84.00,1,-1,-1,-1
97,3,-0.00,70.00,23.00,64.00,1,-1,-1,-1
97,4,351.00,139.00,98.00,68.00,1,-1,-1,-1
97,5,339.00,-0.00,143.00,70.00,1,-1,-1,-1
97,7,247.00,86.00,106.00,56.00,1,-1,-1,-1
97,9,455.00,191.00,51.00,133.00,1,-1,-1,-1
97,12,-0.00,359.00,67.00,72.00,1,-1,-1,-1
98,1,579.00,268.00,105.00,110.00,1,-1,-1,-1
98,2,575.00,202.00,89.00,80.00,1,-1,-1,-1
98,3,-9.84,58.61,22.25,61.96,1,-1,-1,-1
98,4,351.00,139.00,102.00,64.00,1,-1,-1,-1
98,5,338.00,-0.00,144.00,70.00,1,-1,-1,-1
98,7,248.00,78.00,107.00,71.00,1,-1,-1,-1
98,9,461.00,179.00,65.00,125.00,1,-1,-1,-1
98,12,0.00,361.00,68.00,70.00,1,-1,-1,-1
99,1,565.00,266.00,134.00,76.00,1,-1,-1,-1
99,2,576.00,199.00,89.00,83.00,1,-1,-1,-1
99,4,348.00,138.00,105.00,65.00,1,-1,-1,-1
99,5,343.00,-0.00,126.00,67.00,1,-1,-1,-1
99,7,238.00,72.00,101.00,92.00,1,-1,-1,-1
99,9,457.00,174.00,90.00,103.00,1,-1,-1,-1
99,12,0.00,362.00,68.00,69.00,1,-1,-1,-1
100,1,561.00,270.00,134.00,61.00,1,-1,-1,-1
100,2,573.00,201.00,91.00,87.00,1,-1,-1,-1
100,4,348.00,138.00,102.00,67.00,1,-1,-1,-1
100,5,342.00,-0.00,133.00,67.00,1,-1,-1,-1
100,7,231.00,70.00,94.00,129.00,1,-1,-1,-1
100,9,452.00,176.00,89.00,82.00,1,-1,-1,-1
100,12,-0.00,362.00,67.00,69.00,1,-1,-1,-1
101,1,550.00,271.00,139.00,61.00,1,-1,-1,-1
101,2,573.00,201.00,90.00,87.00,1,-1,-1,-1
101,4,356.00,128.00,94.00,77.00,1,-1,-1,-1
101,5,342.00,-0.00,140.00,66.00,1,-1,-1,-1
101,7,244.00,55.00,75.00,150.00,1,-1,-1,-1
101,9,456.00,175.00,101.00,71.00,1,-1,-1,-1
101,12,0.00,362.00,68.00,69.00,1,-1,-1,-1
102,1,549.00,271.00,138.00,60.00,1,-1,-1,-1
102,2,574.00,201.00,89.00,86.00,1,-1,-1,-1
102,4,356.00,128.00,94.00,76.00,1,-1,-1,-1
102,5,341.00,1.00,165.00,64.00,1,-1,-1,-1
102,7,249.00,70.00,70.00,151.00,1,-1,-1,-1
102,9,456.00,176.00,102.00,68.00,1,-1,-1,-1
102,12,0.00,362.00,70.00,69.00,1,-1,-1,-1
103,1,551.00,271.00,133.00,69.00,1,-1,-1,-1
103,2,574.00,201.00,87.00,86.00,1,-1,-1,-1
103,4,357.00,127.00,93.00,77.00,1,-1,-1,-1
103,5,341.00,1.00,179.00,64.00,1,-1,-1,-1
103,7,261.00,85.00,55.00,138.00,1,-1,-1,-1
103,9,459.00,173.00,100.00,67.00,1,-1,-1,-1
103,12,0.00,365.00,70.00,66.00,1,-1,-1,-1
104,1,551.00,271.00,127.00,71.00,1,-1,-1,-1
104,2,574.00,201.00,87.00,86.00,1,-1,-1,-1
104,4,347.00,127.00,104.00,79.00,1,-1,-1,-1
104,5,341.00,0.00,179.00,65.00,1,-1,-1,-1
104,7,266.00,83.00,53.00,136.00,1,-1,-1,-1
104,9,462.00,174.00,104.00,66.00,1,-1,-1,-1
104,12,-0.00,365.00,70.00,66.00,1,-1,-1,-1
105,1,550.00,276.00,112.00,97.00,1,-1,-1,-1
105,2,574.00,202.00,86.00,85.00,1,-1,-1,-1
105,4,346.00,128.00,105.00,78.00,1,-1,-1,-1
105,5,341.00,-0.00,154.00,65.00,1,-1,-1,-1
105,7,269.00,82.00,50.00,137.00,1,-1,-1,-1
105,9,462.00,174.00,91.00,66.00,1,-1,-1,-1
105,12,-0.00,362.00,70.00,69.00,1,-1,-1,-1
106,1,547.00,281.00,94.00,95.00,1,-1,-1,-1
106,2,571.00,202.00,89.00,86.00,1,-1,-1,-1
106,4,346.00,128.00,104.00,78.00,1,-1,-1,-1
106,5,344.00,-0.00,151.00,65.00,1,-1,-1,-1
106,7,268.00,78.00,53.00,128.00,1,-1,-1,-1
106,9,463.00,174.00,102.00,71.00,1,-1,-1,-1
106,12,0.00,362.00,72.00,69.00,1,-1,-1,-1
107,1,538.00,279.00,92.00,104.00,1,-1,-1,-1
107,2,571.00,201.00,92.00,87.00,1,-1,-1,-1
107,4,357.00,90.00,93.00,116.00,1,-1,-1,-1
107,5,344.00,-0.00,138.00,69.00,1,-1,-1,-1
107,7,265.00,74.00,56.00,130.00,1,-1,-1,-1
107,9,463.00,178.00,104.00,60.00,1,-1,-1,-1
107,12,-0.00,357.00,72.00,74.00,1,-1,-1,-1
108,1,531.00,288.00,101.00,98.00,1,-1,-1,-1
108,2,573.00,201.00,90.00,87.00,1,-1,-1,-1
108,4,362.00,86.00,78.00,120.00,1,-1,-1,-1
108,5,342.00,-0.00,140.00,68.00,1,-1,-1,-1
108,7,265.00,75.00,56.00,128.00,1,-1,-1,-1
108,9,470.00,175.00,109.00,84.00,1,-1,-1,-1
108,12,0.00,357.00,75.00,74.00,1,-1,-1,-1
109,1,531.00,288.00,102.00,97.00,1,-1,-1,-1
109,2,576.00,200.00,85.00,86.00,1,-1,-1,-1
109,4,370.00,71.00,40.00,130.00,1,-1,-1,-1
109,5,342.00,-0.00,140.00,66.00,1,-1,-1,-1
109,7,267.00,77.00,54.00,125.00,1,-1,-1,-1
109,9,484.00,188.00,99.00,90.00,1,-1,-1,-1
109,12,0.00,360.00,75.00,71.00,1,-1,-1,-1
110,1,531.00,289.00,102.00,96.00,1,-1,-1,-1
110,2,582.00,200.00,79.00,84.00,1,-1,-1,-1
110,4,363.00,53.00,45.00,124.00,1,-1,-1,-1
110,5,343.00,-0.00,134.00,67.00,1,-1,-1,-1
110,7,267.00,77.00,54.00,124.00,1,-1,-1,-1
110,9,500.00,180.00,80.00,115.00,1,-1,-1,-1
110,12,-0.00,360.00,70.00,71.00,1,-1,-1,-1
111,1,544.00,293.00,89.00,91.00,1,-1,-1,-1
111,2,574.00,200.00,86.00,79.00,1,-1,-1,-1
111,4,366.00,58.00,43.00,114.00,1,-1,-1,-1
111,5,343.00,-0.00,138.00,66.00,1,-1,-1,-1
111,7,269.00,72.00,52.00,129.00,1,-1,-1,-1
111,9,511.00,180.00,65.00,133.00,1,-1,-1,-1
111,12,0.00,361.00,70.00,70.00,1,-1,-1,-1
112,1,542.00,293.00,86.00,90.00,1,-1,-1,-1
112,2,575.00,201.00,88.00,80.00,1,-1,-1,-1
112,4,374.00,57.00,36.00,100.00,1,-1,-1,-1
112,5,340.00,-0.00,141.00,66.00,1,-1,-1,-1
112,7,267.00,69.00,54.00,129.00,1,-1,-1,-1
112,9,508.00,187.00,60.00,165.00,1,-1,-1,-1
112,12,-0.00,361.00,68.00,70.00,1,-1,-1,-1
113,1,540.00,295.00,90.00,89.00,1,-1,-1,-1
113,2,575.00,205.00,88.00,76.00,1,-1,-1,-1
113,4,375.00,56.00,35.00,71.00,1,-1,-1,-1
113,5,340.00,-0.00,142.00,68.00,1,-1,-1,-1
113,7,267.00,75.00,54.00,123.00,1,-1,-1,-1
113,9,506.00,200.00,56.00,149.00,1,-1,-1,-1
113,12,-0.00,361.00,68.00,70.00,1,-1,-1,-1
114,1,541.00,298.00,87.00,86.00,1,-1,-1,-1
114,2,579.00,203.00,83.00,76.00,1,-1,-1,-1
114,4,375.00,56.00,35.00,67.00,1,-1,-1,-1
114,5,341.00,-0.00,141.00,68.00,1,-1,-1,-1
114,7,267.00,75.00,54.00,126.00,1,-1,-1,-1
114,9,499.00,228.00,56.00,153.00,1,-1,-1,-1
114,12,0.00,358.00,71.00,73.00,1,-1,-1,-1
115,1,540.00,301.00,90.00,85.00,1,-1,-1,-1
115,2,579.00,201.00,84.00,78.00,1,-1,-1,-1
115,4,376.00,58.00,32.00,60.00,1,-1,-1,-1
115,5,341.00,-0.00,143.00,67.00,1,-1,-1,-1
115,7,266.00,72.00,54.00,137.00,1,-1,-1,-1
115,9,497.00,259.00,55.00,146.00,1,-1,-1,-1
115,12,0.00,360.00,70.00,71.00,1,-1,-1,-1
116,1,536.00,305.00,91.00,90.00,1,-1,-1,-1
116,2,578.00,201.00,85.00,81.00,1,-1,-1,-1
116,4,373.00,52.00,35.00,54.00,1,-1,-1,-1
116,5,341.00,-0.00,143.00,67.00,1,-1,-1,-1
116,7,266.00,72.00,53.00,139.00,1,-1,-1,-1
116,9,493.00,284.00,53.00,147.00,1,-1,-1,-1
116,12,-0.00,357.00,70.00,74.00,1,-1,-1,-1
117,1,545.00,316.00,72.00,84.00,1,-1,-1,-1
117,2,578.00,201.00,87.00,81.00,1,-1,-1,-1
117,4,373.00,52.00,36.00,53.00,1,-1,-1,-1
117,5,341.00,-0.00,142.00,67.00,1,-1,-1,-1
117,7,267.00,76.00,52.00,135.00,1,-1,-1,-1
117,9,488.00,316.00,58.00,115.00,1,-1,-1,-1
117,12,0.00,357.00,71.00,74.00,1,-1,-1,-1
118,1,547.00,324.00,74.00,75.00,1,-1,-1,-1
118,2,582.00,201.00,83.00,84.00,1,-1,-1,-1
118,4,375.00,51.00,34.00,54.00,1,-1,-1,-1
118,5,341.00,-0.00,142.00,67.00,1,-1,-1,-1
118,7,267.00,73.00,51.00,130.00,1,-1,-1,-1
118,9,493.00,339.00,60.00,92.00,1,-1,-1,-1
118,12,0.00,361.00,71.00,70.00,1,-1,-1,-1
119,1,544.00,322.00,79.00,80.00,1,-1,-1,-1
119,2,582.00,203.00,80.00,82.00,1,-1,-1,-1
119,4,375.00,51.00,33.00,64.00,1,-1,-1,-1
119,5,341.00,-0.00,140.00,69.00,1,-1,-1,-1
119,7,264.00,72.00,54.00,131.00,1,-1,-1,-1
119,9,491.00,368.00,72.00,63.00,1,-1,-1,-1
119,12,-0.00,361.00,71.00,70.00,1,-1,-1,-1
120,1,542.00,318.00,77.00,91.00,1,-1,-1,-1
120,2,575.00,202.00,87.00,87.00,1,-1,-1,-1
120,4,375.00,54.00,33.00,61.00,1,-1,-1,-1
120,5,344.00,-0.00,134.00,69.00,1,-1,-1,-1
120,7,264.00,72.00,55.00,132.00,1,-1,-1,-1
120,9,492.00,371.00,73.00,60.00,1,-1,-1,-1
120,12,0.00,362.00,71.00,69.00,1,-1,-1,-1
121,1,533.00,318.00,70.00,102.00,1,-1,-1,-1
121,2,575.00,201.00,88.00,88.00,1,-1,-1,-1
121,4,375.00,54.00,35.00,65.00,1,-1,-1,-1
121,5,344.00,-0.00,132.00,68.00,1,-1,-1,-1
121,7,264.00,71.00,55.00,133.00,1,-1,-1,-1
121,9,492.00,380.00,73.00,51.00,1,-1,-1,-1
121,12,-0.00,362.00,70.00,69.00,1,-1,-1,-1
122,1,555.00,300.00,58.00,126.00,1,-1,-1,-1
122,2,577.00,190.00,82.00,100.00,1,-1,-1,-1
122,4,376.00,53.00,34.00,66.00,1,-1,-1,-1
122,5,343.00,-0.00,133.00,68.00,1,-1,-1,-1
122,7,264.00,71.00,54.00,137.00,1,-1,-1,-1
122,9,490.00,389.00,77.00,42.00,1,-1,-1,-1
122,12,-0.00,360.00,70.00,71.00,1,-1,-1,-1
123,1,558.00,319.00,55.00,103.00,1,-1,-1,-1
123,2,577.00,190.00,84.00,100.00,1,-1,-1,-1
123,4,376.00,53.00,33.00,69.00,1,-1,-1,-1
123,5,343.00,-0.00,135.00,68.00,1,-1,-1,-1
123,7,263.00,72.00,55.00,136.00,1,-1,-1,-1
123,9,488.00,399.00,76.00,32.00,1,-1,-1,-1
123,12,-0.00,360.00,67.00,71.00,1,-1,-1,-1
124,1,561.00,335.00,53.00,90.00,1,-1,-1,-1
124,2,573.00,197.00,86.00,94.00,1,-1,-1,-1
124,4,375.00,54.00,34.00,68.00,1,-1,-1,-1
124,5,342.00,-0.00,136.00,68.00,1,-1,-1,-1
124,7,263.00,73.00,57.00,126.00,1,-1,-1,-1
124,9,489.00,395.00,70.00,36.00,1,-1,-1,-1
124,12,0.00,361.00,67.00,70.00,1,-1,-1,-1
124,13,595.00,0.00,91.00,41.00,1,-1,-1,-1
125,1,563.00,336.00,51.00,91.00,1,-1,-1,-1
125,2,574.00,203.00,86.00,86.00,1,-1,-1,-1
125,4,375.00,54.00,33.00,60.00,1,-1,-1,-1
125,5,342.00,-0.00,137.00,67.00,1,-1,-1,-1
125,7,261.00,65.00,59.00,134.00,1,-1,-1,-1
125,9,491.00,385.00,68.00,46.00,1,-1,-1,-1
125,12,-0.00,361.00,67.00,70.00,1,-1,-1,-1
125,13,586.00,0.00,79.00,39.00,1,-1,-1,-1
126,1,557.00,335.00,60.00,83.00,1,-1,-1,-1
126,2,573.00,200.00,86.00,87.00,1,-1,-1,-1
126,4,371.00,50.00,37.00,64.00,1,-1,-1,-1
126,5,343.00,-0.00,136.00,67.00,1,-1,-1,-1
126,7,268.00,67.00,50.00,142.00,1,-1,-1,-1
126,9,491.00,385.00,67.00,46.00,1,-1,-1,-1
126,12,0.00,365.00,67.00,66.00,1,-1,-1,-1
126,13,573.48,0.00,75.82,37.43,1,-1,-1,-1
127,1,557.00,335.00,59.00,82.00,1,-1,-1,-1
127,2,573.00,200.00,89.00,87.00,1,-1,-1,-1
127,4,371.00,50.00,38.00,66.00,1,-1,-1,-1
127,5,343.00,-0.00,137.00,65.00,1,-1,-1,-1
127,7,262.00,72.00,57.00,138.00,1,-1,-1,-1
127,9,492.00,387.00,66.00,44.00,1,-1,-1,-1
127,12,0.00,365.00,71.00,66.00,1,-1,-1,-1
128,1,557.00,334.00,58.00,80.00,1,-1,-1,-1
128,2,571.00,183.00,92.00,112.00,1,-1,-1,-1
128,4,374.00,49.00,35.00,67.00,1,-1,-1,-1
128,5,345.00,-0.00,135.00,65.00,1,-1,-1,-1
128,7,262.00,76.00,55.00,135.00,1,-1,-1,-1
128,9,492.00,389.00,65.00,42.00,1,-1,-1,-1
128,12,-0.00,360.00,71.00,71.00,1,-1,-1,-1
129,1,554.00,331.00,61.00,83.00,1,-1,-1,-1
129,2,571.00,181.00,95.00,114.00,1,-1,-1,-1
129,4,374.00,49.00,35.00,64.00,1,-1,-1,-1
129,5,345.00,-0.00,136.00,65.00,1,-1,-1,-1
129,7,258.00,88.00,54.00,131.00,1,-1,-1,-1
129,9,492.00,390.00,65.00,41.00,1,-1,-1,-1
129,12,-0.00,360.00,61.00,71.00,1,-1,-1,-1
129,14,619.00,0.00,87.00,63.00,1,-1,-1,-1
130,1,553.00,332.00,63.00,85.00,1,-1,-1,-1
130,2,583.00,180.00,83.00,106.00,1,-1,-1,-1
130,4,372.00,51.00,37.00,62.00,1,-1,-1,-1
130,5,342.00,-0.00,139.00,65.00,1,-1,-1,-1
130,7,247.00,101.00,55.00,162.00,1,-1,-1,-1
130,9,492.00,390.00,67.00,41.00,1,-1,-1,-1
130,12,0.00,372.00,60.00,59.00,1,-1,-1,-1
130,14,619.00,0.00,90.00,81.00,1,-1,-1,-1
131,1,562.00,340.00,54.00,91.00,1,-1,-1,-1
131,2,595.00,180.00,74.00,95.00,1,-1,-1,-1
131,4,372.00,51.00,38.00,66.00,1,-1,-1,-1
131,5,342.00,-0.00,135.00,68.00,1,-1,-1,-1
131,7,232.00,120.00,61.00,145.00,1,-1,-1,-1
131,9,488.00,383.00,73.00,48.00,1,-1,-1,-1
131,12,-0.00,372.00,55.00,59.00,1,-1,-1,-1
131,14,616.00,0.00,98.00,88.00,1,-1,-1,-1
131,15,-0.00,0.00,51.00,20.00,1,-1,-1,-1
132,1,565.00,351.00,54.00,80.00,1,-1,-1,-1
132,2,595.00,179.00,74.00,91.00,1,-1,-1,-1
132,4,375.00,50.00,35.00,67.00,1,-1,-1,-1
132,5,343.00,-0.00,134.00,68.00,1,-1,-1,-1
132,7,233.00,146.00,64.00,131.00,1,-1,-1,-1
132,9,490.00,387.00,73.00,44.00,1,-1,-1,-1
132,12,0.00,377.00,55.00,54.00,1,-1,-1,-1
132,14,628.00,0.00,91.00,111.00,1,-1,-1,-1
132,15,-0.00,0.00,71.00,29.00,1,-1,-1,-1
133,1,565.00,351.00,55.00,80.00,1,-1,-1,-1
133,2,595.00,177.00,76.00,93.00,1,-1,-1,-1
133,4,375.00,50.00,35.00,65.00,1,-1,-1,-1
133,5,342.00,-0.00,136.00,64.00,1,-1,-1,-1
133,7,235.00,169.00,57.00,117.00,1,-1,-1,-1
133,9,486.00,387.00,80.00,44.00,1,-1,-1,-1
133,12,-0.00,377.00,48.00,54.00,1,-1,-1,-1
133,14,622.00,0.00,95.00,121.00,1,-1,-1,-1
133,15,-0.00,0.00,58.00,34.00,1,-1,-1,-1
134,1,567.00,365.00,60.00,66.00,1,-1,-1,-1
134,2,592.00,172.00,81.00,103.00,1,-1,-1,-1
134,4,374.00,49.00,36.00,66.00,1,-1,-1,-1
134,5,344.00,-0.00,133.00,68.00,1,-1,-1,-1
134,7,235.00,176.00,57.00,110.00,1,-1,-1,-1
134,9,488.00,381.00,76.00,50.00,1,-1,-1,-1
134,12,-0.00,373.00,48.00,58.00,1,-1,-1,-1
134,14,622.00,0.00,94.00,133.00,1,-1,-1,-1
134,15,-0.00,0.00,59.00,35.00,1,-1,-1,-1
135,1,568.00,370.00,67.00,61.00,1,-1,-1,-1
135,2,590.00,175.00,92.00,101.00,1,-1,-1,-1
135,4,374.00,49.00,36.00,70.00,1,-1,-1,-1
135,5,344.00,-0.00,134.00,68.00,1,-1,-1,-1
135,7,232.00,178.00,77.00,138.00,1,-1,-1,-1
135,9,490.00,383.00,74.00,48.00,1,-1,-1,-1
135,12,0.00,373.00,50.00,58.00,1,-1,-1,-1
135,14,618.00,0.00,99.00,149.00,1,-1,-1,-1
135,15,0.00,0.00,78.00,35.00,1,-1,-1,-1
136,1,569.00,373.00,67.00,58.00,1,-1,-1,-1
136,2,589.00,174.00,92.00,104.00,1,-1,-1,-1
136,4,374.00,51.00,36.00,68.00,1,-1,-1,-1
136,5,345.00,-0.00,133.00,68.00,1,-1,-1,-1
136,7,231.00,222.00,90.00,121.00,1,-1,-1,-1
136,9,490.00,384.00,75.00,47.00,1,-1,-1,-1
136,12,-0.00,368.00,50.00,63.00,1,-1,-1,-1
136,14,603.00,0.00,118.00,155.00,1,-1,-1,-1
136,15,-0.00,0.00,78.00,35.00,1,-1,-1,-1
137,1,569.00,374.00,69.00,57.00,1,-1,-1,-1
137,2,586.00,185.00,103.00,92.00,1,-1,-1,-1
137,4,373.00,51.00,37.00,67.00,1,-1,-1,-1
137,5,345.00,-0.00,133.00,69.00,1,-1,-1,-1
137,7,229.00,241.00,88.00,114.00,1,-1,-1,-1
137,9,487.00,379.00,75.00,52.00,1,-1,-1,-1
137,12,0.00,373.00,53.00,58.00,1,-1,-1,-1
137,14,577.00,36.00,156.00,137.00,1,-1,-1,-1
137,15,0.00,0.00,81.00,35.00,1,-1,-1,-1
138,1,570.00,373.00,68.00,58.00,1,-1,-1,-1
138,2,581.00,189.00,115.00,85.00,1,-1,-1,-1
138,4,372.00,51.00,38.00,67.00,1,-1,-1,-1
138,5,343.00,-0.00,135.00,69.00,1,-1,-1,-1
138,7,248.00,250.00,72.00,132.00,1,-1,-1,-1
138,9,491.00,380.00,68.00,51.00,1,-1,-1,-1
138,12,0.00,378.00,53.00,53.00,1,-1,-1,-1
138,14,579.00,61.00,146.00,126.00,1,-1,-1,-1
138,15,-0.00,0.00,81.00,35.00,1,-1,-1,-1
139,1,570.00,373.00,69.00,58.00,1,-1,-1,-1
139,2,577.00,193.00,115.00,76.00,1,-1,-1,-1
139,4,372.00,51.00,38.00,53.00,1,-1,-1,-1
139,5,343.00,-0.00,133.00,68.00,1,-1,-1,-1
139,7,259.00,264.00,66.00,137.00,1,-1,-1,-1
139,9,492.00,379.00,66.00,52.00,1,-1,-1,-1
139,12,0.00,378.00,53.00,53.00,1,-1,-1,-1
139,14,552.00,67.00,163.00,124.00,1,-1,-1,-1
139,15,0.00,0.00,84.00,36.00,1,-1,-1,-1
140,1,569.00,369.00,70.00,62.00,1,-1,-1,-1
140,2,574.00,185.00,118.00,73.00,1,-1,-1,-1
140,4,369.00,52.00,41.00,52.00,1,-1,-1,-1
140,5,345.00,-0.00,133.00,68.00,1,-1,-1,-1
140,7,262.00,270.00,68.00,129.00,1,-1,-1,-1
140,9,492.00,379.00,65.00,52.00,1,-1,-1,-1
140,12,-0.00,377.00,53.00,54.00,1,-1,-1,-1
140,14,534.00,84.00,172.00,99.00,1,-1,-1,-1
140,15,-0.00,0.00,72.00,35.00,1,-1,-1,-1
141,1,569.00,367.00,69.00,64.00,1,-1,-1,-1
141,2,563.00,202.00,122.00,83.00,1,-1,-1,-1
141,4,369.00,52.00,41.00,50.00,1,-1,-1,-1
141,5,345.00,-0.00,134.00,70.00,1,-1,-1,-1
141,7,257.00,277.00,75.00,144.00,1,-1,-1,-1
141,9,488.00,378.00,69.00,53.00,1,-1,-1,-1
141,12,-0.00,377.00,52.00,54.00,1,-1,-1,-1
141,14,517.00,96.00,160.00,96.00,1,-1,-1,-1
141,15,-0.00,0.00,60.00,35.00,1,-1,-1,-1
142,1,570.00,369.00,64.00,62.00,1,-1,-1,-1
142,2,562.00,207.00,117.00,79.00,1,-1,-1,-1
142,4,370.00,51.00,40.00,51.00,1,-1,-1,-1
142,5,345.00,-0.00,134.00,70.00,1,-1,-1,-1
142,7,256.00,305.00,80.00,117.00,1,-1,-1,-1
142,9,488.00,378.00,69.00,53.00,1,-1,-1,-1
142,12,0.00,378.00,52.00,53.00,1,-1,-1,-1
142,14,483.00,73.00,168.00,161.00,1,-1,-1,-1
142,15,0.00,0.00,60.00,34.00,1,-1,-1,-1
143,1,570.00,369.00,63.00,62.00,1,-1,-1,-1
143,2,565.00,202.00,110.00,95.00,1,-1,-1,-1
143,4,370.00,51.00,37.00,52.00,1,-1,-1,-1
143,5,345.00,-0.00,130.00,68.00,1,-1,-1,-1
143,7,255.00,318.00,83.00,112.00,1,-1,-1,-1
143,9,486.00,386.00,71.00,45.00,1,-1,-1,-1
143,12,0.00,378.00,54.00,53.00,1,-1,-1,-1
143,14,489.00,65.00,143.00,152.00,1,-1,-1,-1
143,15,0.00,0.00,62.00,33.00,1,-1,-1,-1
144,1,569.00,366.00,65.00,65.00,1,-1,-1,-1
144,2,565.00,207.00,110.00,92.00,1,-1,-1,-1
144,4,372.00,49.00,35.00,54.00,1,-1,-1,-1
144,5,344.00,-0.00,135.00,67.00,1,-1,-1,-1
144,7,257.00,323.00,82.00,108.00,1,-1,-1,-1
144,9,486.00,385.00,71.00,46.00,1,-1,-1,-1
144,12,-0.00,377.00,54.00,54.00,1,-1,-1,-1
144,14,477.00,0.00,125.00,199.00,1,-1,-1,-1
144,15,-0.00,0.00,62.00,33.00,1,-1,-1,-1
145,1,569.00,366.00,67.00,65.00,1,-1,-1,-1
145,2,568.00,206.00,109.00,99.00,1,-1,-1,-1
145,4,373.00,46.00,36.00,55.00,1,-1,-1,-1
145,5,344.00,-0.00,131.00,68.00,1,-1,-1,-1
145,7,266.00,327.00,82.00,104.00,1,-1,-1,-1
145,9,489.00,386.00,69.00,45.00,1,-1,-1,-1
145,12,0.00,379.00,53.00,52.00,1,-1,-1,-1
145,14,464.00,2.00,123.00,180.00,1,-1,-1,-1
145,15,-0.00,0.00,59.00,34.00,1,-1,-1,-1
146,1,568.00,367.00,68.00,64.00,1,-1,-1,-1
146,2,596.00,214.00,92.00,90.00,1,-1,-1,-1
146,4,360.00,39.00,49.00,49.00,1,-1,-1,-1
146,5,338.00,-0.00,136.00,64.00,1,-1,-1,-1
146,7,267.00,330.00,81.00,101.00,1,-1,-1,-1
146,9,489.00,383.00,67.00,48.00,1,-1,-1,-1
146,12,-0.00,379.00,50.00,52.00,1,-1,-1,-1
146,14,458.00,19.00,146.00,153.00,1,-1,-1,-1
146,15,0.00,0.00,60.00,33.00,1,-1,-1,-1
147,1,568.00,367.00,67.00,64.00,1,-1,-1,-1
147,2,619.00,207.00,73.00,100.00,1,-1,-1,-1
147,4,287.00,0.00,93.00,66.00,1,-1,-1,-1
147,5,338.00,-0.00,135.00,63.00,1,-1,-1,-1
147,7,265.00,335.00,85.00,96.00,1,-1,-1,-1
147,9,489.00,379.00,67.00,52.00,1,-1,-1,-1
147,12,-0.00,378.00,50.00,53.00,1,-1,-1,-1
147,14,460.00,71.00,125.00,110.00,1,-1,-1,-1
147,15,0.00,0.00,62.00,34.00,1,-1,-1,-1
148,1,571.00,367.00,64.00,64.00,1,-1,-1,-1
148,2,620.00,202.00,72.00,105.00,1,-1,-1,-1
148,4,259.00,5.00,106.00,59.00,1,-1,-1,-1
148,5,339.00,-0.00,157.00,63.00,1,-1,-1,-1
148,7,265.00,335.00,84.00,96.00,1,-1,-1,-1
148,9,488.00,372.00,65.00,59.00,1,-1,-1,-1
148,12,-0.00,378.00,49.00,53.00,1,-1,-1,-1
148,14,454.00,69.00,129.00,105.00,1,-1,-1,-1
148,15,-0.00,0.00,73.00,56.00,1,-1,-1,-1
